// Start Time: Unknown
// Update Rate: 100.0Hz
// Filter Profile: human (46.1)
// Option Flags: AHS Disabled ICC Disabled 
// Firmware Version: 4.0.2
PacketCounter	SampleTimeFine	Acc_X	Acc_Y	Acc_Z	Mat[1][1]	Mat[2][1]	Mat[3][1]	Mat[1][2]	Mat[2][2]	Mat[3][2]	Mat[1][3]	Mat[2][3]	Mat[3][3]
1	9.141516	0	0	0	0	0	0	0	0	0	0	0	0	-0.369431762695313	0.878373413085938	9.03042114257813	0.902349915451163	0.430932133657189	0.00788202175474549	-0.427808397391985	0.897732253211842	-0.105151208571709	-0.0523889798161908	0.0915111890691623	0.994425008268078
2	9.141516	0	0	0	0	0	0	0	0	0	0	0	0	-0.50534912109375	0.851429443359375	9.19867126464844	0.902067813802497	0.431332791738548	0.0150227185494155	-0.427544330017164	0.897818751138232	-0.105486188549787	-0.0589873306037758	0.0887328173542179	0.994307287488443
3	9.141516	0	0	0	0	0	0	0	0	0	0	0	0	-0.507744140625	0.804127807617187	9.31782348632813	0.901900343611384	0.431579187220238	0.0177531786445834	-0.427545804538406	0.897812624290628	-0.105532349002486	-0.0614845933163293	0.0875893647807465	0.994257385168464
4	9.141516	0	0	0	0	0	0	0	0	0	0	0	0	-0.574205932617188	0.904119873046875	9.28189819335937	0.901856579924059	0.431631516868927	0.0186800131988413	-0.427462276597485	0.897750041005154	-0.106399558088086	-0.0626953852669809	0.0879721405939051	0.994147972459609
5	9.141516	0	0	0	0	0	0	0	0	0	0	0	0	-0.492775268554688	0.849034423828125	9.30524963378906	0.901889118586987	0.431554672017075	0.0188834010343357	-0.427329239819136	0.897740920226214	-0.107009162911361	-0.0631327060245992	0.0884409702096556	0.994078697195744
6	9.141516	0	0	0	0	0	0	0	0	0	0	0	0	-0.43828857421875	0.925076293945313	9.01066223144531	0.901931826555126	0.431457465527906	0.0190639892774525	-0.427192099783903	0.897760494277767	-0.10739182835002	-0.0634499025149391	0.0887161222911349	0.994033983079286
7	9.141516	0	0	0	0	0	0	0	0	0	0	0	0	-0.4071533203125	0.823287963867188	9.15735717773438	0.901908525427335	0.431502184515432	0.019154020985159	-0.427193468292349	0.897694016887074	-0.107940690629181	-0.0637710938423029	0.0891701564625786	0.993972801834435
8	9.141516	0	0	0	0	0	0	0	0	0	0	0	0	-0.45265869140625	0.896336059570313	9.14598083496094	0.901991502759721	0.431336331171576	0.0189815268275536	-0.427016280854617	0.897726576339817	-0.10837015280178	-0.0637842052106248	0.0896435359891338	0.993929379594453
9	9.141516	0	0	0	0	0	0	0	0	0	0	0	0	-0.432301025390625	0.842448120117188	9.07413024902344	0.901981059764751	0.431358823237381	0.0189666402116761	-0.427001425072503	0.897661007689691	-0.108970171421263	-0.0640308582771526	0.0901902483020739	0.993864059265401
10	9.141516	0	0	0	0	0	0	0	0	0	0	0	0	-0.453856201171875	0.875379638671875	9.12442565917969	0.902013726334294	0.431298140475757	0.0187923262710062	-0.42693789558866	0.897655534484931	-0.10926378502917	-0.0639943029874392	0.0905342776561921	0.993835134091376
11	9.141516	0	0	0	0	0	0	0	0	0	0	0	0	-0.415535888671875	0.825682983398437	9.15136962890625	0.901965191727228	0.431412614627848	0.0184918590852391	-0.42703052995391	0.897519247377186	-0.110018757831443	-0.0640602794229595	0.091336501616026	0.993757477492773
12	9.141516	0	0	0	0	0	0	0	0	0	0	0	0	-0.424517211914062	0.904718627929687	9.06634643554688	0.902004333564664	0.43134179135705	0.0182329717670701	-0.426956105667187	0.897501866689131	-0.110448554191689	-0.0640052034140751	0.0918403958964473	0.993714584585286
13	9.141516	0	0	0	0	0	0	0	0	0	0	0	0	-0.384999389648437	0.82628173828125	9.11843811035156	0.902003923962732	0.431350267574654	0.0180518093029084	-0.42695715471258	0.897455278122167	-0.110822433696448	-0.0640039779667871	0.0922549209199116	0.993676265375443
14	9.141516	0	0	0	0	0	0	0	0	0	0	0	0	-0.473016357421875	0.875978393554688	9.15496215820312	0.902066120051959	0.431228729811359	0.0178465021695458	-0.426823691763718	0.89745812714062	-0.111312381065368	-0.0640175851121882	0.0927938177603067	0.993625209111499
15	9.141516	0	0	0	0	0	0	0	0	0	0	0	0	-0.412542114257813	0.894539794921875	9.06155639648438	0.902138006542802	0.431088947061171	0.0175879752294224	-0.426676940431871	0.897466577010598	-0.111805776472323	-0.0639828543805074	0.0933598568474304	0.99357442170919
16	9.141516	0	0	0	0	0	0	0	0	0	0	0	0	-0.417332153320313	0.903521118164063	9.10047546386719	0.902202347715391	0.43096952956224	0.0172101239315012	-0.426566636438556	0.897466741693878	-0.112224561620315	-0.0638108803757881	0.0939079982870278	0.993533823985571
17	9.141516	0	0	0	0	0	0	0	0	0	0	0	0	-0.369431762695313	0.832269287109375	9.072333984375	0.902203128058112	0.430966181306699	0.0172530082037986	-0.426555859678785	0.897465219844943	-0.112277681408023	-0.0638718584029944	0.0939379036310137	0.99352707862723
18	9.141516	0	0	0	0	0	0	0	0	0	0	0	0	-0.454454956054687	0.875379638671875	9.17352355957031	0.902235873234896	0.430897767704346	0.0172494300043868	-0.426483747652414	0.897490937382048	-0.112346029326566	-0.0638908603512073	0.0940060163207883	0.993519414434906
19	9.141516	0	0	0	0	0	0	0	0	0	0	0	0	-0.5029541015625	0.832868041992188	9.27890441894531	0.902233366740799	0.430911914349658	0.0170256868019079	-0.426537897669686	0.897502309422888	-0.112049214330613	-0.0635639346728027	0.093832439231302	0.993556792315777
20	9.141516	0	0	0	0	0	0	0	0	0	0	0	0	-0.327518920898438	0.711919555664063	9.06934020996094	0.902178853095649	0.431014958033249	0.0173038428857891	-0.426655582002373	0.897526571889228	-0.111404968915159	-0.063547866787455	0.093124425927721	0.993624431021297
21	9.141516	0	0	0	0	0	0	0	0	0	0	0	0	-0.4550537109375	0.843046875	9.19507873535156	0.902160895267616	0.431074315342968	0.0167527222123816	-0.426770267497846	0.897480234334315	-0.111338976818721	-0.0630306102600228	0.0932961072650627	0.993641272562405
22	9.141516	0	0	0	0	0	0	0	0	0	0	0	0	-0.465232543945313	0.732277221679688	9.07532775878906	0.902083584870459	0.431237294779344	0.0167212887856856	-0.42701330549801	0.897516946500467	-0.110104349015565	-0.0624887416653942	0.0921831130732271	0.993779367278877
23	9.141516	0	0	0	0	0	0	0	0	0	0	0	0	-0.296982421875	0.564027099609375	9.00826721191406	0.901998578180589	0.43141023458536	0.0168456064064452	-0.427236183273711	0.897532011545899	-0.109112473861082	-0.0621917089482854	0.0912222436984416	0.99388666033543
24	9.141516	0	0	0	0	0	0	0	0	0	0	0	0	-0.370030517578125	0.804127807617187	9.09748168945313	0.902089675824285	0.431232673950716	0.0165105326550021	-0.427090535189644	0.897602115557734	-0.109105989284288	-0.0618699565432167	0.0913718942760606	0.993892994951542
25	9.141516	0	0	0	0	0	0	0	0	0	0	0	0	-0.298778686523438	0.672401733398438	9.02622985839844	0.902144603393813	0.431133541066548	0.0160929902391957	-0.427047645487976	0.89765692627052	-0.10882256752043	-0.0613630430356544	0.0913012184255054	0.993930915337391
26	9.141516	0	0	0	0	0	0	0	0	0	0	0	0	-0.310155029296875	0.56282958984375	9.13400573730469	0.902105129354008	0.431225302539917	0.0158453161074354	-0.427195017289431	0.897652615809811	-0.10827833824402	-0.0609159486199697	0.0909094042393863	0.993994329674254
27	9.141516	0	0	0	0	0	0	0	0	0	0	0	0	-0.19399658203125	0.630488891601563	9.04299499511719	0.902064688217529	0.43132613860291	0.0153967668332431	-0.427336698185236	0.897586130775334	-0.10827042174069	-0.0605197873026208	0.0910873207294494	0.994002241117784
28	9.141516	0	0	0	0	0	0	0	0	0	0	0	0	-0.334703979492187	0.602347412109375	9.15256713867188	0.90179081365753	0.431890555321239	0.0156165497854406	-0.427895101940222	0.897353229409917	-0.107995200833923	-0.0606556686423977	0.0907068348687362	0.994028752083982
29	9.141516	0	0	0	0	0	0	0	0	0	0	0	0	-0.277822265625	0.546064453125	9.13280822753906	0.901780677291596	0.431917575071598	0.0154537506056569	-0.427948858803676	0.897351475480202	-0.107796584835221	-0.0604266854307177	0.0905954623464989	0.99405285467629
30	9.141516	0	0	0	0	0	0	0	0	0	0	0	0	-0.269439697265625	0.504151611328125	9.02742736816406	0.901561998891586	0.432399211128982	0.0147269945896056	-0.4284885800654	0.897082805480829	-0.107888724453411	-0.0598623329661112	0.0909580250757495	0.994053891278624
31	9.141516	0	0	0	0	0	0	0	0	0	0	0	0	-0.35206787109375	0.852028198242188	9.29387329101563	0.9012288971271	0.433172230988654	0.0121775729677276	-0.429352739230385	0.89638182793918	-0.110253543506681	-0.0586745285318678	0.0941352051080086	0.993828890131916
32	9.141516	0	0	0	0	0	0	0	0	0	0	0	0	-0.242495727539063	1.15020812988281	9.263935546875	0.900873644274894	0.433957635866065	0.010365680122773	-0.430250533967526	0.895834092440225	-0.111201424642213	-0.0575426369879831	0.0957185932582305	0.993743828072977
33	9.141516	0	0	0	0	0	0	0	0	0	0	0	0	-0.164657592773438	0.610131225585938	8.96934814453125	0.900560922867613	0.434614803759959	0.00999982782482868	-0.430923810658584	0.895477518654084	-0.111466062066486	-0.0573994216984666	0.0960728158108079	0.993717928011196
34	9.141516	0	0	0	0	0	0	0	0	0	0	0	0	-0.0508941650390625	0.6179150390625	9.00467468261719	0.899913439677769	0.435963095012308	0.00959066601522392	-0.432391868754014	0.894959984931584	-0.109926781116662	-0.0565072820328293	0.0947776617064827	0.993893415773902
35	9.141516	0	0	0	0	0	0	0	0	0	0	0	0	-0.204175415039063	0.987945556640625	9.18010986328125	0.899502679782158	0.436822287507472	0.00901211415013935	-0.43332771936641	0.894564887078312	-0.109456614397086	-0.0558750095608147	0.0945513190987116	0.993950718779997
36	9.141516	0	0	0	0	0	0	0	0	0	0	0	0	-0.17244140625	0.698746948242188	9.03700744628906	0.899747126857895	0.436331349009874	0.00837027969584847	-0.432896722516863	0.894765651930961	-0.109521028842506	-0.0552768970287003	0.0949177643846832	0.993949235453749
37	9.141516	0	0	0	0	0	0	0	0	0	0	0	0	-0.123942260742188	0.796343994140625	9.06095764160156	0.899709317670236	0.436425871459282	0.00745670291518976	-0.433042555527756	0.894616650811456	-0.110159852908778	-0.0547475003936227	0.0958827764090048	0.993885911153162
38	9.141516	0	0	0	0	0	0	0	0	0	0	0	0	-0.0999920654296875	0.963396606445313	9.24776916503906	0.899716128563486	0.436416292000954	0.00719083297475345	-0.433032352160154	0.894562755623642	-0.110636604402341	-0.054716268013971	0.096427674073236	0.993834912692973
39	9.141516	0	0	0	0	0	0	0	0	0	0	0	0	0.0341290283203125	0.881965942382813	8.96156433105469	0.899706747870708	0.436436565752901	0.00713385658170473	-0.433061714975623	0.894556878321265	-0.110569175046597	-0.0546380715095896	0.0963904327302577	0.993842827422821
40	9.141516	0	0	0	0	0	0	0	0	0	0	0	0	-0.104782104492188	0.822090454101563	8.95078674316406	0.899615271278607	0.436636546125875	0.00639454999075851	-0.433330908337305	0.894424136079552	-0.110588374967319	-0.0540063659385049	0.0967160347905811	0.99384572296333
41	9.141516	0	0	0	0	0	0	0	0	0	0	0	0	-0.0496966552734375	0.637673950195312	9.12203063964844	0.89911519091897	0.437666303136613	0.0063309207446614	-0.434372341140067	0.893944903748804	-0.110377435710564	-0.0539679785728692	0.0964920523166191	0.993869579536714
42	9.141516	0	0	0	0	0	0	0	0	0	0	0	0	-0.1389111328125	0.906514892578125	9.08071655273438	0.898668781059486	0.438587132880828	0.00597903173043648	-0.435330734398921	0.893498870538841	-0.110213066528034	-0.0536802909525954	0.0964421858793711	0.993889999520095
43	9.141516	0	0	0	0	0	0	0	0	0	0	0	0	-0.0796343994140625	0.008382568359375	8.43885131835938	0.897738675415667	0.440475890780153	0.00680149280348533	-0.437143197571186	0.892644255894835	-0.10996389059685	-0.05450775614684	0.0957456111755965	0.993912311253085
44	9.141516	0	0	0	0	0	0	0	0	0	0	0	0	-0.401165771484375	1.05560485839844	9.29866333007813	0.896858940170739	0.442282430987383	0.00550387824275426	-0.438952531244082	0.89150053039868	-0.112015532910782	-0.0544492125767928	0.0980461908427079	0.993691213461709
45	9.141516	0	0	0	0	0	0	0	0	0	0	0	0	-0.243094482421875	1.36216735839844	9.23160278320313	0.896353402890684	0.443314835306926	0.00474699095069368	-0.440040682377174	0.890935183021161	-0.112243919693146	-0.053988656024427	0.0985213502335586	0.993669345692436
46	9.141516	0	0	0	0	0	0	0	0	0	0	0	0	-0.092208251953125	0.626896362304687	9.02503234863281	0.895672420550061	0.444683123413712	0.00527587120959834	-0.441380976921045	0.89034601038309	-0.111654892446042	-0.054348397200089	0.0976775385948011	0.993733037679558
47	9.141516	0	0	0	0	0	0	0	0	0	0	0	0	-0.370629272460938	0.801134033203125	9.15735717773438	0.895099000924645	0.445846945786689	0.0042754504304631	-0.442579000440451	0.889618919091827	-0.112703181689878	-0.0540518909274536	0.0989882807536913	0.993619501298458
48	9.141516	0	0	0	0	0	0	0	0	0	0	0	0	0.0125738525390625	1.14901062011719	8.91246643066406	0.89467322036819	0.446702065216184	0.00413445130677859	-0.443468508379707	0.889235666532662	-0.112230171708372	-0.053809951045227	0.0985758301908189	0.993673635994586
49	9.141516	0	0	0	0	0	0	0	0	0	0	0	0	0.020357666015625	0.533490600585938	9.28070068359375	0.893721249377083	0.448604750236256	0.00401328759672973	-0.445387318130842	0.888312831273906	-0.111939495453365	-0.0537816442671966	0.0982552383316262	0.993706920012291
50	9.141516	0	0	0	0	0	0	0	0	0	0	0	0	-0.177830200195313	1.03285217285156	9.22441772460938	0.892852676860203	0.45034361608262	0.00217367826535715	-0.447249706367507	0.887263299295421	-0.112834116638472	-0.0527427490537852	0.0997720661158976	0.993611461913164
51	9.141516	0	0	0	0	0	0	0	0	0	0	0	0	0.04071533203125	1.09212890625	8.81486938476563	0.89207537157017	0.451882108427856	0.0020227507852534	-0.448786362878599	0.886469646416631	-0.112970644311574	-0.0528425201153598	0.0998705465328448	0.993596267104043
52	9.141516	0	0	0	0	0	0	0	0	0	0	0	0	-0.310155029296875	0.853824462890625	9.74473571777344	0.891046521607818	0.453910079332245	0.00131765367378173	-0.450849632179839	0.885367894285927	-0.113394448413523	-0.0526374913337729	0.100445665154342	0.993549174856378
53	9.141516	0	0	0	0	0	0	0	0	0	0	0	0	0.087418212890625	0.746647338867188	8.82744323730469	0.889608819051141	0.456722951787632	0.000542565043824956	-0.45373321798279	0.883919854015354	-0.113189480856031	-0.0521758178222076	0.100448180610046	0.993573272107657
54	9.141516	0	0	0	0	0	0	0	0	0	0	0	0	-0.299976196289063	1.42623413085938	9.3453662109375	0.888655186397482	0.458576004315744	8.91889281314368e-05	-0.455643406870056	0.882994155932584	-0.11274043801916	-0.0517788128939471	0.100146736615381	0.99362446914344
55	9.141516	0	0	0	0	0	0	0	0	0	0	0	0	-0.1868115234375	0.507744140625	9.23818908691406	0.88723110315883	0.461322754057826	-0.0015120106045972	-0.458633514884487	0.881696053975076	-0.11075814836608	-0.0497621202549436	0.0989615328967958	0.993846238808826
56	9.141516	0	0	0	0	0	0	0	0	0	0	0	0	0.0329315185546875	0.76401123046875	8.593330078125	0.885805915915734	0.464046443733767	-0.00296266547773926	-0.461497601778357	0.88023514246174	-0.110481027910615	-0.0486604858331077	0.0992320111325224	0.993873817486446
57	9.141516	0	0	0	0	0	0	0	0	0	0	0	0	0.153880004882813	0.801134033203125	8.88312744140625	0.884367377316223	0.466780177669814	-0.00325694233345947	-0.464229661206351	0.878762319264237	-0.110759233915622	-0.0488381366870459	0.0994638224475434	0.993841931309532
58	9.141516	0	0	0	0	0	0	0	0	0	0	0	0	-0.264050903320313	0.856219482421875	9.55253540039063	0.88305490383374	0.469241656413962	-0.00512881088226013	-0.466850950902434	0.877342712604843	-0.110995289452615	-0.0475838886250129	0.100409324890959	0.993807698208393
59	9.141516	0	0	0	0	0	0	0	0	0	0	0	0	0.241298217773438	1.0490185546875	8.70649475097656	0.881098517644448	0.472856347236365	-0.00850159297071831	-0.470848373965621	0.875387556126136	-0.109537369483853	-0.0443532517261984	0.100516175105275	0.9939463202827
60	9.141516	0	0	0	0	0	0	0	0	0	0	0	0	0.518521728515625	1.19990478515625	8.35801940917969	0.879687324520236	0.475460817490191	-0.00933927780875114	-0.473552198533684	0.874018734075837	-0.108809777816091	-0.0435720821437774	0.100141217867729	0.994018717198839
61	9.141516	0	0	0	0	0	0	0	0	0	0	0	0	0.17004638671875	-0.0077838134765625	9.54535034179688	0.87793101236919	0.478695634049686	-0.00936095412759659	-0.47684812911305	0.87245056259684	-0.106985408284682	-0.0430464781578353	0.0983895612665592	0.994216523173891
62	9.141516	0	0	0	0	0	0	0	0	0	0	0	0	0.28021728515625	1.01249450683594	8.84420837402344	0.875525486042887	0.483067712474842	-0.0100353601673935	-0.48125359944265	0.870012312013252	-0.107114658048512	-0.0430127459348999	0.0986111662525026	0.994196027741743
63	9.141516	0	0	0	0	0	0	0	0	0	0	0	0	-0.398770751953125	1.59268798828125	9.59025695800781	0.874066701763577	0.485679220689015	-0.011094839298187	-0.483922537681062	0.868441944057554	-0.107831198295559	-0.0427361485450261	0.0996207026297558	0.994107306690325
64	9.141516	0	0	0	0	0	0	0	0	0	0	0	0	0.823287963867188	0.556243286132812	8.70709350585938	0.872924887098836	0.48772289705609	-0.0113365413905722	-0.486119103812949	0.867626263664968	-0.104464747675296	-0.0411139683268434	0.0967007874113896	0.994463975879688
65	9.141516	0	0	0	0	0	0	0	0	0	0	0	0	0.387394409179688	0.29458740234375	9.1585546875	0.871566438353592	0.490130077088251	-0.0120187798506946	-0.48857695408375	0.866242566871948	-0.104481459012325	-0.0407983268514694	0.0969346319566148	0.994454208927468
66	9.141516	0	0	0	0	0	0	0	0	0	0	0	0	0.0880169677734375	1.10889404296875	9.2351953125	0.870526086871407	0.491941315296498	-0.01334445130783	-0.490467281119018	0.865057536484416	-0.105438630127825	-0.0403259002140554	0.0983320948412334	0.994336271537985
67	9.141516	0	0	0	0	0	0	0	0	0	0	0	0	0.285606079101562	1.16158447265625	9.26513305664063	0.869395726483978	0.493920441704603	-0.0139164664238795	-0.492510293098865	0.863956893334741	-0.104938542257142	-0.0398080640457128	0.0980871231391433	0.994381332443052
68	9.141516	0	0	0	0	0	0	0	0	0	0	0	0	0.259859619140625	1.46934448242188	9.19088745117188	0.868795527933458	0.494962107546128	-0.0143820282408408	-0.493645181743968	0.863474653489489	-0.103566197777907	-0.0388428266709559	0.0970774684193143	0.994518576971545
69	9.141516	0	0	0	0	0	0	0	0	0	0	0	0	0.4550537109375	0.558638305664062	8.86037475585938	0.867497540099531	0.497260238850012	-0.0134265699302733	-0.495872451442229	0.862304142484331	-0.102674620793252	-0.0394782195892566	0.0957278471145833	0.994624376066096
70	9.141516	0	0	0	0	0	0	0	0	0	0	0	0	0.173040161132813	1.15380065917969	8.96036682128906	0.867143844932496	0.497895384559159	-0.0127176346218761	-0.496444809222219	0.862000407556362	-0.102459010189348	-0.0400512620525663	0.0951603037371844	0.994655926941897
71	9.141516	0	0	0	0	0	0	0	0	0	0	0	0	-0.0431103515625	0.822689208984375	9.39985290527344	0.867471347168553	0.497350211313922	-0.0116717242759447	-0.495814081527361	0.86239353014623	-0.1022046756323	-0.0407658975217698	0.0944466329093943	0.994694915605445
72	9.141516	0	0	0	0	0	0	0	0	0	0	0	0	-0.0335302734375	0.941841430664063	9.22322021484375	0.868307211161081	0.495869907047051	-0.0124748679678886	-0.494430710069308	0.863223536599912	-0.101898963686102	-0.0397600300053604	0.0946475628058674	0.994716531916949
73	9.141516	0	0	0	0	0	0	0	0	0	0	0	0	0.21315673828125	1.31606323242188	8.95797180175781	0.870078378077074	0.492738775372575	-0.0131192700674608	-0.491373405008178	0.864950482101239	-0.102043325913574	-0.0389331844759326	0.0952321519087432	0.994693442418011
74	9.141516	0	0	0	0	0	0	0	0	0	0	0	0	0.0293389892578125	0.588576049804688	9.38488403320313	0.872234536202416	0.488891552738668	-0.0138550899142554	-0.487593637939449	0.867008138782303	-0.102709938789877	-0.0382015457374565	0.0963428095190368	0.994614852572215
75	9.141516	0	0	0	0	0	0	0	0	0	0	0	0	0.508342895507813	1.40408020019531	8.71846984863281	0.875252989771826	0.483435084428903	-0.0149239082917024	-0.48219944858913	0.869784167012393	-0.104686171937352	-0.0376283892270046	0.0988231853249881	0.994393323774051
76	9.141516	0	0	0	0	0	0	0	0	0	0	0	0	0.149688720703125	0.185015258789062	9.53157897949219	0.877752842824633	0.47886765670139	-0.0153529892397067	-0.477641184720841	0.872095307660667	-0.106342244732367	-0.0375345916688416	0.100675427595648	0.994211050384518
77	9.141516	0	0	0	0	0	0	0	0	0	0	0	0	0.07903564453125	1.23223754882812	9.10885803222656	0.880525785693784	0.473769352245548	-0.0147289375441113	-0.4725745357301	0.875050465606222	-0.104689974791355	-0.0367103378876435	0.0991427431291265	0.99439583043022
78	9.141516	0	0	0	0	0	0	0	0	0	0	0	0	0.0808319091796875	0.534688110351562	9.45314208984375	0.882491169368369	0.470078334635802	-0.0153523709205064	-0.469020976566023	0.877135299558999	-0.103213321856243	-0.0350522399841127	0.0982854291010498	0.994540755775508
79	9.141516	0	0	0	0	0	0	0	0	0	0	0	0	0.49576904296875	0.283211059570313	8.89450378417969	0.883880257320316	0.467445065811808	-0.0158367031786568	-0.466460678066785	0.878531271415618	-0.102942901466461	-0.0342071123722713	0.0983763975405344	0.994561188600329
80	9.141516	0	0	0	0	0	0	0	0	0	0	0	0	0.159867553710937	0.837658081054688	9.15615966796875	0.885383919708605	0.464580473925248	-0.016133752471718	-0.463575569212552	0.879825854886319	-0.104900699248466	-0.0345399240109886	0.100356605766391	0.994351821705157
81	9.141516	0	0	0	0	0	0	0	0	0	0	0	0	0.304766235351562	1.82320861816406	8.96276184082031	0.886878969003218	0.46166977555407	-0.017513214429233	-0.460823814528018	0.881276489719033	-0.10484827434129	-0.0329712951464836	0.101058235727496	0.994334011631911
82	9.141516	0	0	0	0	0	0	0	0	0	0	0	0	0.29458740234375	1.19331848144531	9.15556091308594	0.888610714806162	0.458329936569566	-0.0174547064088965	-0.457574260449233	0.883241247129276	-0.10252168328631	-0.0315720399407507	0.0990886906445885	0.994577617725395
83	9.141516	0	0	0	0	0	0	0	0	0	0	0	0	0.36643798828125	0.70892578125	9.06874145507813	0.890865340854117	0.4539041289998	-0.0181655206864859	-0.453275258590209	0.885566902207521	-0.101551965340676	-0.0300080724948595	0.0987031073042196	0.994664371631776
84	9.141516	0	0	0	0	0	0	0	0	0	0	0	0	0.553848266601562	0.824485473632813	8.93761413574219	0.893546762100438	0.44857261943331	-0.018888860065188	-0.448075172449731	0.88832092231005	-0.100571262398191	-0.0283341450191778	0.0983287551073447	0.994750537645028
85	9.141516	0	0	0	0	0	0	0	0	0	0	0	0	0.429307250976563	0.307760009765625	9.25794799804688	0.896430162674635	0.442715732498088	-0.0203897926867738	-0.442387713740439	0.891111457658389	-0.101061767060788	-0.0265720563494045	0.0996150100568315	0.994671189686693
86	9.141516	0	0	0	0	0	0	0	0	0	0	0	0	0.557440795898438	0.537083129882812	9.12622192382813	0.898072271390183	0.439378986656397	-0.0203052073339619	-0.439092395700203	0.892869206537841	-0.0999122017310347	-0.0257694275903306	0.0986442400816431	0.994789048241074
87	9.141516	0	0	0	0	0	0	0	0	0	0	0	0	0.57719970703125	1.55616394042969	8.69691467285156	0.900419428294818	0.434550060403907	-0.0202755555335473	-0.434218250255953	0.894944047238931	-0.102614148421463	-0.0264454966656318	0.101199789103358	0.994514574247932
88	9.141516	0	0	0	0	0	0	0	0	0	0	0	0	0.223934326171875	0.688568115234375	9.60941711425781	0.90185030027268	0.431556914990539	-0.0206074021149509	-0.431294384088246	0.896434051244305	-0.101936970838182	-0.0255184276948805	0.100819744562128	0.994577392139198
89	9.141516	0	0	0	0	0	0	0	0	0	0	0	0	0.573008422851563	0.839454345703125	8.99689086914062	0.903043199459513	0.429038247148956	-0.0209562017855562	-0.428827831630252	0.897624758685857	-0.1018650254673	-0.0248931864015421	0.100975121081921	0.994577475209081
90	9.141516	0	0	0	0	0	0	0	0	0	0	0	0	0.62031005859375	0.523311767578125	9.02383483886719	0.904469263109617	0.426044380438383	-0.0205313902797965	-0.4258635658808	0.899283269033359	-0.0996485087292628	-0.0239911513945524	0.0988725843373731	0.994810854746375
91	9.141516	0	0	0	0	0	0	0	0	0	0	0	0	0.750239868164063	0.420924682617188	8.78433288574219	0.905788662161773	0.423297090484779	-0.0191434763380933	-0.423007872890984	0.900686224535732	-0.0991396207568678	-0.0247232475907002	0.0978973856581045	0.994889372196667
92	9.141516	0	0	0	0	0	0	0	0	0	0	0	0	-0.0029937744140625	0.802930297851563	9.52319641113281	0.907036762965393	0.420631174740136	-0.0188075906483394	-0.420332800309592	0.901976241820726	-0.0987886439569656	-0.0245895834279116	0.0975103790767598	0.994930690228797
93	9.141516	0	0	0	0	0	0	0	0	0	0	0	0	0.490380249023438	0.931063842773438	9.28608947753906	0.908702793440263	0.417001157180536	-0.0192163499124363	-0.416769340866131	0.903657591434102	-0.0985204240628771	-0.0237181303621097	0.0975345700437147	0.994949475068214
94	9.141516	0	0	0	0	0	0	0	0	0	0	0	0	0.338895263671875	0.780177612304688	9.46092590332031	0.910562139122778	0.412940942307601	-0.0188777372124356	-0.412744694507019	0.905715916169973	-0.0965427177610744	-0.0227685737906177	0.095699829479981	0.995149805147469
95	9.141516	0	0	0	0	0	0	0	0	0	0	0	0	0.373623046875	0.334703979492187	8.90168884277344	0.912709180686482	0.40818859044929	-0.0185479410618432	-0.407983786907056	0.907859853544903	-0.0966422058026729	-0.0226093147085388	0.0957734877116316	0.995146350010872
96	9.141516	0	0	0	0	0	0	0	0	0	0	0	0	0.536484375	0.509540405273438	8.81666564941406	0.914681187224783	0.403709233216817	-0.0194211418961544	-0.403572477867585	0.909634968193651	-0.0984554708848312	-0.0220812328659231	0.0978932053557614	0.99495192823588
97	9.141516	0	0	0	0	0	0	0	0	0	0	0	0	0.126337280273438	0.6179150390625	9.23878784179688	0.916477710215887	0.399583608513396	-0.0200386248245004	-0.399482635754294	0.911198544637909	-0.100652054030502	-0.0219597451771635	0.100250446668183	0.994719868874943
98	9.141516	0	0	0	0	0	0	0	0	0	0	0	0	0.363444213867188	0.901126098632813	9.28668823242188	0.918396171110005	0.395148047943263	-0.0201616739659834	-0.395052282352967	0.912961487432843	-0.102151929360751	-0.0219583036274186	0.101780856112731	0.994564472636523
99	9.141516	0	0	0	0	0	0	0	0	0	0	0	0	0.40236328125	0.4981640625	9.30584838867188	0.92006309437981	0.391233266012808	-0.0205044854897793	-0.391194846309602	0.914617180902659	-0.102186127328904	-0.0212248576215662	0.102038933562752	0.994553951003323
100	9.141516	0	0	0	0	0	0	0	0	0	0	0	0	0.2921923828125	0.963995361328125	9.0962841796875	0.92205369636203	0.386443450618214	-0.0218732827761395	-0.38655970351931	0.91650760837451	-0.102885370226768	-0.0197123474041057	0.103321165624106	0.994452693743597
101	9.141516	0	0	0	0	0	0	0	0	0	0	0	0	0.79275146484375	0.855620727539063	8.6268603515625	0.924151879170985	0.381283769427713	-0.0237905736738743	-0.381629388729312	0.918568004904205	-0.102916616852678	-0.0173871758151995	0.104189766951003	0.994405439737669
102	9.141516	0	0	0	0	0	0	0	0	0	0	0	0	0.495170288085938	1.025068359375	9.17112854003906	0.925689836100366	0.377552471997222	-0.0235044299923108	-0.377900854011653	0.920173280392304	-0.102333174431997	-0.0170079945243477	0.103611123634737	0.994472454712249
103	9.141516	0	0	0	0	0	0	0	0	0	0	0	0	0.688568115234375	0.963396606445313	9.19388122558594	0.927051793074703	0.374138006841381	-0.0244074741367753	-0.374585704515304	0.921425328027335	-0.103251706244938	-0.0161407227146559	0.104862370307355	0.994355751410818
104	9.141516	0	0	0	0	0	0	0	0	0	0	0	0	0.374820556640625	1.01908081054688	9.51421508789062	0.928522832235037	0.370454921566935	-0.0246678151659579	-0.370965433290672	0.922983964037372	-0.102397506968301	-0.0151656625865744	0.104229329925387	0.994437654889242
105	9.141516	0	0	0	0	0	0	0	0	0	0	0	0	0.795146484375	1.09093139648437	9.00168090820313	0.929957713765949	0.366709786435451	-0.0265062849089657	-0.367444574569437	0.924473551005495	-0.101652044302003	-0.0127724401229598	0.104271693300517	0.994466831397382
106	9.141516	0	0	0	0	0	0	0	0	0	0	0	0	0.938248901367188	0.70174072265625	8.81007934570312	0.931152278598152	0.363825353493129	-0.0242187162556283	-0.364381336413752	0.926005840725979	-0.0986885232167401	-0.0134787141374484	0.100718891460205	0.994823617114225
107	9.141516	0	0	0	0	0	0	0	0	0	0	0	0	0.827479248046875	0.32572265625	9.35315002441406	0.932261886373456	0.360923534061199	-0.0249394822757025	-0.36156375944052	0.927071797467901	-0.0990430724426114	-0.0126262850690123	0.101351294517675	0.994770572556782
108	9.141516	0	0	0	0	0	0	0	0	0	0	0	0	0.818497924804688	0.380209350585938	8.93581787109375	0.933146843868874	0.358606242301746	-0.0252691661868955	-0.35930289827825	0.928040027410961	-0.0981994644176524	-0.0117641432501198	0.100713804938972	0.994845884762211
109	9.141516	0	0	0	0	0	0	0	0	0	0	0	0	0.879570922851563	0.643661499023438	9.41901306152344	0.934232344290598	0.355670434969971	-0.0266170728962686	-0.356503478870268	0.928959553044039	-0.0996966316462919	-0.0107329602016193	0.102628896985655	0.994661808389575
110	9.141516	0	0	0	0	0	0	0	0	0	0	0	0	0.456251220703125	0.725092163085937	9.4986474609375	0.935173632266873	0.353042470569417	-0.0284831790189674	-0.354069373371649	0.929733200931401	-0.101148672389005	-0.00922801999302399	0.104676592703876	0.994463500882217
111	9.141516	0	0	0	0	0	0	0	0	0	0	0	0	0.798140258789063	0.85502197265625	9.55253540039063	0.936597208720203	0.349204136649928	-0.0290196410057454	-0.3503007817057	0.931047357578037	-0.102177200408555	-0.00866204097771346	0.105864483626628	0.994342838337244
112	9.141516	0	0	0	0	0	0	0	0	0	0	0	0	0.463436279296875	0.254470825195312	9.14358581542969	0.939140674860279	0.342897581478488	-0.0208816052827309	-0.343229265200325	0.934021086089588	-0.0989862730385995	-0.0144382939790347	0.100129213300769	0.994869678053736
113	9.141516	0	0	0	0	0	0	0	0	0	0	0	0	0.465232543945313	1.22684875488281	9.627978515625	0.940844874331754	0.337749547528584	-0.0271323715864126	-0.338746583319958	0.935715841496987	-0.0984206089223282	-0.00785332622021508	0.101789523605447	0.994774958546633
114	9.141516	0	0	0	0	0	0	0	0	0	0	0	0	1.11009155273438	0.70892578125	9.06874145507813	0.941906583349563	0.33450025329665	-0.0303573514528086	-0.335851700923281	0.936922848925393	-0.096846322328026	-0.00395262314057889	0.101415756694913	0.994836278522404
115	9.141516	0	0	0	0	0	0	0	0	0	0	0	0	0.8286767578125	0.358055419921875	9.09508666992187	0.942854073998493	0.331557955094139	-0.033098603569302	-0.333204465219463	0.937891695344922	-0.0966123809914604	-0.000989698063142305	0.102119979518313	0.994771597041714
116	9.141516	0	0	0	0	0	0	0	0	0	0	0	0	1.25379272460937	0.74724609375	9.39147033691406	0.943414539655457	0.328770713191623	-0.0433454093781137	-0.331484770854612	0.938624630441422	-0.0954025671571344	0.00931949881430134	0.1043725120718	0.994494608163198
117	9.141516	0	0	0	0	0	0	0	0	0	0	0	0	1.86871398925781	0.737666015625	9.04539001464844	0.943914772572806	0.326702912813976	-0.0478550820466733	-0.329887462259758	0.939289595834323	-0.0943891805304647	0.014112560456811	0.104882133446357	0.99438452005303
118	9.141516	0	0	0	0	0	0	0	0	0	0	0	0	2.00343383789063	0.5029541015625	9.34416870117188	0.945568834495985	0.321728180987817	-0.0488933204862996	-0.325021127174859	0.941140056417758	-0.0928259720981282	0.016150731249371	0.103664708383563	0.994481162273002
119	9.141516	0	0	0	0	0	0	0	0	0	0	0	0	1.82141235351563	0.556243286132812	9.01724853515625	0.946479464144322	0.317769618691212	-0.0565605285505671	-0.321781572147027	0.942659765986032	-0.0885956286604888	0.0251643354703721	0.102054078938577	0.994460517663891
120	9.141516	0	0	0	0	0	0	0	0	0	0	0	0	2.49800537109375	0.383203125	9.01185974121094	0.947590707506858	0.314363628803872	-0.0569856116218252	-0.318319444373127	0.94422239971809	-0.0843610763598721	0.0272870368606729	0.0980794002626135	0.994804427444656
121	9.141516	0	0	0	0	0	0	0	0	0	0	0	0	2.28125610351562	0.369431762695313	9.10945678710937	0.948884638804654	0.310544160235211	-0.0563938541365074	-0.314368566304608	0.945819328535773	-0.0812293191386326	0.0281131065545512	0.0948057082244943	0.995098754359538
122	9.141516	0	0	0	0	0	0	0	0	0	0	0	0	2.20760925292969	0.273630981445313	8.49932556152344	0.950170944871927	0.306700371185794	-0.0557678925160998	-0.310358425854984	0.947490556702092	-0.0770668051834109	0.0292031337703264	0.0905346744339289	0.995465041929216
123	9.141516	0	0	0	0	0	0	0	0	0	0	0	0	2.89438110351563	-0.83107177734375	9.71180419921875	0.951567269286178	0.302186667911711	-0.0565946089275637	-0.306032261924872	0.948620838757268	-0.0803912864470112	0.0293936504094469	0.0938174931016413	0.995155410628778
124	9.141516	0	0	0	0	0	0	0	0	0	0	0	0	2.21359680175781	0.191002807617188	8.72984619140625	0.953128518170669	0.296824038691677	-0.0586644517961869	-0.300923414961634	0.950140241071109	-0.0817228280541251	0.0314821564956026	0.0955458651753053	0.994927063392232
125	9.141516	0	0	0	0	0	0	0	0	0	0	0	0	2.43693237304688	0.746048583984375	7.54670654296875	0.955062957634773	0.291373055769929	-0.0543736087197887	-0.295009717254694	0.952208296437087	-0.0791746608561397	0.0287056384570055	0.0916575287015371	0.995376754677897
126	9.141516	0	0	0	0	0	0	0	0	0	0	0	0	2.25012084960938	0.0101788330078125	9.27950317382813	0.955552258283717	0.289906148939659	-0.0536125591243835	-0.293547318959179	0.952448541539198	-0.0816807642700084	0.0273834479342368	0.0937880617500498	0.99521552753783
127	9.141516	0	0	0	0	0	0	0	0	0	0	0	0	1.76812316894531	0.003592529296875	9.417216796875	0.956863547994964	0.283528236532344	-0.0634341359785708	-0.288581726641993	0.952784010898638	-0.094462773748342	0.033656166846731	0.108693917331023	0.993505357191607
128	9.141516	0	0	0	0	0	0	0	0	0	0	0	0	3.23028259277344	1.13044921875	7.59340942382813	0.95777468177208	0.280643635418317	-0.0625044706847619	-0.28590534055185	0.952624965923837	-0.103748785740069	0.0304268828558297	0.117238322223574	0.992637587743825
129	9.141516	0	0	0	0	0	0	0	0	0	0	0	0	1.89386169433594	1.48910339355469	10.8656048583984	0.958958509587699	0.276512574890537	-0.0627644231770233	-0.281897193293216	0.953570249943951	-0.106008258335089	0.0305376702246052	0.119350636149275	0.992382424445343
130	9.141516	0	0	0	0	0	0	0	0	0	0	0	0	2.24293579101563	1.51904113769531	7.84847900390625	0.960373679323243	0.272384148443147	-0.0590700578977064	-0.277283547831111	0.955191607898858	-0.103551080640361	0.0282175506613965	0.115826887536946	0.992868521989783
131	9.141516	0	0	0	0	0	0	0	0	0	0	0	0	1.71363647460938	1.18733093261719	9.07353149414063	0.960843052490665	0.271402449512313	-0.0558689437804125	-0.275984738722333	0.955361717830381	-0.105434397122332	0.0247598964615691	0.116724883820464	0.992855603310125
132	9.141516	0	0	0	0	0	0	0	0	0	0	0	0	1.38132751464844	1.41845031738281	9.12562316894531	0.962657235888393	0.263815252282703	-0.0607664286817414	-0.26935889018608	0.955871963060156	-0.117279915216751	0.0271446950515699	0.129268336798068	0.991238045391731
133	9.141516	0	0	0	0	0	0	0	0	0	0	0	0	0.775387573242188	2.11839477539062	10.4069586181641	0.963777122087158	0.253106464053477	-0.0840879111153471	-0.262467499667116	0.956081709949618	-0.130455262516723	0.0473758436324768	0.147800141252168	0.987881899665112
134	9.141516	0	0	0	0	0	0	0	0	0	0	0	0	2.68421813964844	2.22018310546875	8.45022766113281	0.964578401206111	0.252088710430649	-0.0777160858514956	-0.260616300583055	0.956263745806232	-0.132811115223983	0.0408368925980797	0.148360811975562	0.98808978219233
135	9.141516	0	0	0	0	0	0	0	0	0	0	0	0	1.94774963378906	2.09504333496094	8.57357116699219	0.965333398155687	0.249691351291529	-0.0760635227648947	-0.257968685060823	0.957069023199836	-0.132178070644497	0.0397943203634047	0.147217913045669	0.988303241998777
136	9.141516	0	0	0	0	0	0	0	0	0	0	0	0	1.79985717773438	2.02379150390625	8.23228088378906	0.965577330911734	0.249639425251989	-0.0730792404806569	-0.257578877423161	0.956792751460179	-0.134910165142162	0.0362427914873676	0.149089865896775	0.988159234107583
137	9.141516	0	0	0	0	0	0	0	0	0	0	0	0	1.58670043945312	2.0549267578125	9.32321228027344	0.965983375660617	0.249027602422505	-0.0697235338965088	-0.256548828519517	0.95674304396404	-0.1372058541451	0.0325394611599897	0.150426065088872	0.988085614918716
138	9.141516	0	0	0	0	0	0	0	0	0	0	0	0	1.32264953613281	2.88539978027344	8.12630126953125	0.967040467669943	0.245652859778655	-0.0669881061925714	-0.252903158329497	0.957196814288895	-0.1407631031988	0.0295419429906724	0.153065120774653	0.987774439032807
139	9.141516	0	0	0	0	0	0	0	0	0	0	0	0	1.01488952636719	1.9303857421875	9.78964233398438	0.967754586316745	0.243223260045555	-0.0655248535726647	-0.250343658018588	0.957509070522734	-0.143193689653427	0.0279126056250425	0.154980081428234	0.98752319507327
140	9.141516	0	0	0	0	0	0	0	0	0	0	0	0	1.25558898925781	2.45309875488281	8.55680603027344	0.967760807629893	0.241213280549065	-0.0724925686004775	-0.249543942896517	0.957281596707879	-0.146081364889821	0.0341590365671619	0.15946190106471	0.986612924266469
141	9.141516	0	0	0	0	0	0	0	0	0	0	0	0	1.76932067871094	3.01832336425781	8.77714782714844	0.968785689131608	0.237641507381237	-0.0705748007674794	-0.245868551237464	0.95745668617769	-0.151080606320031	0.0316692918485181	0.163716853326745	0.98599890866603
142	9.141516	0	0	0	0	0	0	0	0	0	0	0	0	1.15739318847656	2.87043090820312	7.66645751953125	0.969759542952636	0.235122516526223	-0.0654509822284672	-0.242624646200431	0.957799839495463	-0.154119267188054	0.0264520303268136	0.165338651515135	0.985882051975158
143	9.141516	0	0	0	0	0	0	0	0	0	0	0	0	0.928070068359375	3.49433349609375	9.87466552734375	0.971297970292147	0.229544582110178	-0.0623661585334519	-0.23661241463595	0.959261235652119	-0.154377611768405	0.0243888939171293	0.164703268331369	0.986041589008529
144	9.141516	0	0	0	0	0	0	0	0	0	0	0	0	1.69387756347656	2.00103881835938	9.17412231445313	0.972283033270791	0.225367725414537	-0.0622502333748907	-0.232406117671421	0.960674854543303	-0.151957955754549	0.0255558150456642	0.16221347721346	0.98642469967437
145	9.141516	0	0	0	0	0	0	0	0	0	0	0	0	0.97716796875	2.65607666015625	9.52080139160156	0.972802639405871	0.222570592481146	-0.0641666278338074	-0.229999866603497	0.960994147216407	-0.15359137468681	0.0274788305308654	0.164172410527477	0.98604884944624
146	9.141516	0	0	0	0	0	0	0	0	0	0	0	0	0.992136840820313	2.24293579101563	8.46220275878906	0.973772313359466	0.218961363883613	-0.0618336709308335	-0.226064988851821	0.961845222684779	-0.154105121309756	0.0257313534424511	0.164041728607989	0.986117745872836
147	9.141516	0	0	0	0	0	0	0	0	0	0	0	0	1.22265747070313	2.51896179199219	7.79818359375	0.974293356437965	0.217608244876485	-0.0583018641436187	-0.2241532861796	0.962267556413271	-0.154260993674092	0.0225335282574969	0.163364015732375	0.986308490518084
148	9.141516	0	0	0	0	0	0	0	0	0	0	0	0	1.06578369140625	1.98487243652344	8.6651806640625	0.974139260361758	0.218916404634168	-0.0559312900253096	-0.225064756824104	0.962002080985642	-0.154589299160712	0.0199638838293805	0.163179667732663	0.986394363011622
149	9.141516	0	0	0	0	0	0	0	0	0	0	0	0	0.777782592773438	2.43932739257813	9.58546691894531	0.973980361561206	0.219714538681159	-0.0555677675026484	-0.225756248339218	0.962138612259195	-0.152720028600547	0.019909084079997	0.161291079393983	0.986706043398448
150	9.141516	0	0	0	0	0	0	0	0	0	0	0	0	0.6274951171875	2.34532287597656	8.93102783203125	0.973902171405629	0.220561111237167	-0.0535477052844183	-0.226268596528919	0.962002338439071	-0.152820231195323	0.0178068176896954	0.160948119117885	0.986802219391597
151	9.141516	0	0	0	0	0	0	0	0	0	0	0	0	0.656834106445312	2.27586730957031	9.55014038085938	0.973597047351184	0.221851688505747	-0.0537644649950657	-0.227536432288194	0.962064190851366	-0.150531274700863	0.0183292490467256	0.158790179131631	0.987142197274905
152	9.141516	0	0	0	0	0	0	0	0	0	0	0	0	0.758622436523438	2.83270935058594	8.71248229980469	0.973376305710655	0.223060917810648	-0.0527484068626604	-0.228570231042785	0.961816376961725	-0.150548684780933	0.0171527537767262	0.158597238165399	0.987194357299606
153	9.141516	0	0	0	0	0	0	0	0	0	0	0	0	0.48139892578125	2.37765563964844	8.87713989257812	0.972708429704645	0.225570539498885	-0.0543713388809514	-0.231334000694765	0.960933018793733	-0.151961552751074	0.0179691653695816	0.160392222698438	0.986889783103349
154	9.141516	0	0	0	0	0	0	0	0	0	0	0	0	0.39996826171875	1.93337951660156	9.12382690429687	0.971774116795629	0.229592382709794	-0.0542439280262342	-0.235297187260201	0.959873601427953	-0.152570976758918	0.0170381804636995	0.161027969879062	0.98680276313107
155	9.141516	0	0	0	0	0	0	0	0	0	0	0	0	0.341889038085938	2.37705688476563	9.20944885253906	0.970386568963678	0.235062918346174	-0.055635700709895	-0.240891829215267	0.958780126901317	-0.150704329322079	0.0179174047290259	0.159643642772505	0.987012094115417
