// Start Time: Unknown
// Update Rate: 100.0Hz
// Filter Profile: human (46.1)
// Option Flags: AHS Disabled ICC Disabled 
// Firmware Version: 4.0.2
PacketCounter	SampleTimeFine	Acc_X	Acc_Y	Acc_Z	Mat[1][1]	Mat[2][1]	Mat[3][1]	Mat[1][2]	Mat[2][2]	Mat[3][2]	Mat[1][3]	Mat[2][3]	Mat[3][3]
1	9.141516	0	0	0	0	0	0	0	0	0	0	0	0	-0.510737915039063	0.777183837890625	8.66637817382813	0.819908301950783	0.572438956412905	0.00800109824267982	-0.568556306079788	0.815824638062097	-0.105706606925751	-0.0670380728324595	0.0821206497280319	0.994365172197396
2	9.141516	0	0	0	0	0	0	0	0	0	0	0	0	-0.523311767578125	0.567020874023437	9.4699072265625	0.819785361651258	0.572505870046739	0.0137473482658535	-0.568360631012044	0.816320437786285	-0.102893809182087	-0.070129551102996	0.07653738703689	0.994597342871807
3	9.141516	0	0	0	0	0	0	0	0	0	0	0	0	-0.24908203125	0.592168579101563	9.06275390625	0.81995000643322	0.572215978404896	0.0158385923708717	-0.568106903249743	0.816834799022752	-0.100177131050194	-0.0702604684737467	0.0731422255854174	0.994843546195211
4	9.141516	0	0	0	0	0	0	0	0	0	0	0	0	-0.550255737304688	0.19399658203125	9.10945678710937	0.820243090605465	0.57172492829065	0.0182175378425787	-0.567635728809164	0.817483758602477	-0.0975191458148419	-0.0706466679559901	0.0696484801859902	0.995066901024498
5	9.141516	0	0	0	0	0	0	0	0	0	0	0	0	-0.188607788085938	0.9627978515625	9.16154846191406	0.819307939284836	0.572936006562525	0.0218822532894038	-0.56881048262051	0.817018627852916	-0.0945261688759341	-0.0720356542682712	0.0649991855758619	0.995281854746995
6	9.141516	0	0	0	0	0	0	0	0	0	0	0	0	-0.0987945556640625	-0.116757202148438	8.19276306152344	0.820262705351148	0.571610513316381	0.0207488620458964	-0.567677056366561	0.817990967006784	-0.0929168314693516	-0.0700846194611409	0.0644375586245366	0.995457657137408
7	9.141516	0	0	0	0	0	0	0	0	0	0	0	0	-1.04961730957031	-0.90052734375	10.7225024414063	0.81898972700559	0.573268286301948	0.0248857183890174	-0.569781039258048	0.817605866879882	-0.0828867525338951	-0.0678630559386209	0.0537039883437372	0.996248205656928
8	9.141516	0	0	0	0	0	0	0	0	0	0	0	0	-0.29458740234375	-0.0484991455078125	9.03760620117188	0.817365548988577	0.575365622358905	0.02946115975571	-0.572375582840397	0.816811890404462	-0.0721424137522833	-0.0655724903806254	0.0421038751356676	0.996959132664846
9	9.141516	0	0	0	0	0	0	0	0	0	0	0	0	-0.705932006835937	-0.929267578125	9.89382568359375	0.814866564368256	0.578389468529664	0.0381851406786497	-0.576066746397739	0.815384235218478	-0.0574077751868203	-0.0643396143087462	0.0247824867830197	0.99762028967912
10	9.141516	0	0	0	0	0	0	0	0	0	0	0	0	0.111368408203125	-1.67591491699219	8.42028991699219	0.813081191135982	0.580572568677231	0.0428307030109844	-0.579109512778468	0.814152121724419	-0.0422906006236797	-0.059423470366334	0.00958202437630708	0.998186874276793
11	9.141516	0	0	0	0	0	0	0	0	0	0	0	0	-0.233514404296875	-2.16090637207031	9.29207702636719	0.811239407938252	0.582533998312807	0.0504456521187909	-0.581937163807491	0.812774545672477	-0.0273253597706066	-0.0569188930645095	-0.00718879103842191	0.998352924018214
12	9.141516	0	0	0	0	0	0	0	0	0	0	0	0	0.707728271484375	-2.13815368652344	8.47118408203125	0.810646027622418	0.582939491959643	0.0550869005647305	-0.583203709180738	0.812224794168256	-0.0128186323827426	-0.0522154335213688	-0.0217355113159989	0.998399276867731
13	9.141516	0	0	0	0	0	0	0	0	0	0	0	0	0.0904119873046875	-3.10813659667969	7.9323046875	0.810806448212534	0.582053090819166	0.0617017261090144	-0.583220429773056	0.812313154792422	0.00112643087422901	-0.0494654812198123	-0.0368990246353293	0.998093997651852
14	9.141516	0	0	0	0	0	0	0	0	0	0	0	0	1.14422058105469	-2.87522094726563	8.65260681152344	0.810573992792449	0.581834070528269	0.0666251947915532	-0.58388012533685	0.811700239945533	0.0150572145162614	-0.0453188861859078	-0.0511061135762625	0.997664454468535
15	9.141516	0	0	0	0	0	0	0	0	0	0	0	0	-0.19878662109375	-3.71647155761719	8.6651806640625	0.811786687381564	0.579214029496482	0.074252826373922	-0.582488847214042	0.812178951431265	0.032742842321161	-0.0413414690271721	-0.0698316467402823	0.996701772875024
16	9.141516	0	0	0	0	0	0	0	0	0	0	0	0	0.74485107421875	-3.74461303710938	7.79997985839844	0.811996572701499	0.578275283521592	0.079115500308356	-0.582686510095343	0.810991833499123	0.0526182188090786	-0.0337342092530529	-0.0888253481037524	0.995475796119785
17	9.141516	0	0	0	0	0	0	0	0	0	0	0	0	0.412542114257813	-5.19779113769531	7.43473937988281	0.812958412474494	0.575575540852761	0.0883822174365558	-0.581745575359138	0.809495231472971	0.0793067195929033	-0.0258979755389556	-0.115889028792952	0.992924482459976
18	9.141516	0	0	0	0	0	0	0	0	0	0	0	0	1.38731506347656	-6.11448486328125	6.20848937988281	0.814990134807824	0.571731135631788	0.0944170996965659	-0.579234552745537	0.808457416332373	0.104326117932478	-0.0166857145966901	-0.139714403432039	0.990051247361483
19	9.141516	0	0	0	0	0	0	0	0	0	0	0	0	1.35677856445313	-6.22764953613281	6.20190307617188	0.816557409409858	0.568191725274339	0.101941946556025	-0.577186242569455	0.806518290479601	0.12800112698885	-0.00948886328367354	-0.163359757748446	0.986520932885842
20	9.141516	0	0	0	0	0	0	0	0	0	0	0	0	1.37653747558594	-6.99166076660156	5.26245666503906	0.816374312018686	0.56597833273088	0.114897822238675	-0.577488879475318	0.802174516143932	0.151732131506779	-0.00629100614839127	-0.190222429088742	0.98172086191199
21	9.141516	0	0	0	0	0	0	0	0	0	0	0	0	1.944755859375	-7.3527099609375	4.37929321289062	0.817220677508507	0.562650379184512	0.124799499422322	-0.576323503371919	0.798301369268138	0.174831757085875	-0.00125845685495604	-0.214801011701856	0.976657023554433
22	9.141516	0	0	0	0	0	0	0	0	0	0	0	0	1.53520751953125	-8.15683776855469	3.11532165527344	0.817421780628849	0.560658566201091	0.132225582618864	-0.575998997331747	0.792813721721919	0.199177201813515	0.00684014812580022	-0.238973585977146	0.971001976094199
23	9.141516	0	0	0	0	0	0	0	0	0	0	0	0	2.61416381835937	-8.33167419433594	2.99497192382813	0.819589292103106	0.555880843592853	0.138815993302023	-0.572722127256936	0.78799740019084	0.225941280519449	0.0162097877906971	-0.264682045139024	0.964199490645377
24	9.141516	0	0	0	0	0	0	0	0	0	0	0	0	2.52854187011719	-8.80229553222656	1.17715209960938	0.821998446223469	0.551263048917854	0.142925173793825	-0.568910059071768	0.783559468917579	0.24975168339084	0.0256885011855586	-0.286607064754854	0.957703759697876
25	9.141516	0	0	0	0	0	0	0	0	0	0	0	0	2.87222717285156	-9.17651733398437	1.89505920410156	0.825011051547789	0.545440863648631	0.147820935886118	-0.563981494128858	0.778116344475631	0.27651370443445	0.0357999874887363	-0.311495134347419	0.949573136821851
26	9.141516	0	0	0	0	0	0	0	0	0	0	0	0	3.15723449707031	-8.957373046875	-0.568218383789063	0.827017383805677	0.541013356480034	0.152796580437593	-0.560409096949793	0.771848448149523	0.30031919210249	0.0445408906414305	-0.333997786219283	0.941520890825842
27	9.141516	0	0	0	0	0	0	0	0	0	0	0	0	2.97341674804687	-8.91785522460938	-0.523910522460938	0.828179771121002	0.536711482584242	0.161428161013468	-0.558287773539922	0.764657137922608	0.321891632913694	0.0493257399519026	-0.356707507471082	0.932913032116052
28	9.141516	0	0	0	0	0	0	0	0	0	0	0	0	3.70689147949219	-8.98072448730469	-1.63280456542969	0.8304592492797	0.531861664731519	0.165712416175783	-0.554255831711322	0.758935926313402	0.341784629210868	0.0560170357997375	-0.375685279642199	0.925052788958757
29	9.141516	0	0	0	0	0	0	0	0	0	0	0	0	3.53864135742188	-8.81786315917969	-1.90224426269531	0.833086958867363	0.526771233996355	0.168754810299107	-0.549857905407277	0.755463818728071	0.356273353555837	0.0601864006753335	-0.389597851157778	0.919016382632535
30	9.141516	0	0	0	0	0	0	0	0	0	0	0	0	3.93860961914063	-8.97294067382813	-2.63512023925781	0.837543660620895	0.520213358279773	0.167028974794889	-0.542368152947746	0.754671079610661	0.369199604912208	0.0660106296122245	-0.399811985146219	0.91421713685078
31	9.141516	0	0	0	0	0	0	0	0	0	0	0	0	2.97581176757813	-9.52319641113281	-1.74896301269531	0.840524082525897	0.514014415272304	0.17119710157088	-0.537371827003696	0.750775264099944	0.384145834753377	0.0689259474850256	-0.414880324561109	0.907261555481858
32	9.141516	0	0	0	0	0	0	0	0	0	0	0	0	3.76916198730469	-8.81187561035156	-2.6441015625	0.844421523992784	0.5081208364519	0.169603966289486	-0.530379521215442	0.748628294065716	0.397810558934191	0.0751655060049621	-0.425874268872489	0.901654730936039
33	9.141516	0	0	0	0	0	0	0	0	0	0	0	0	3.01413208007813	-8.89929382324219	-3.53684509277344	0.848243139763467	0.502176194329042	0.168233901736288	-0.523356420089447	0.746155901674372	0.411520871825067	0.0811272666578438	-0.437116048945477	0.8957387601075
34	9.141516	0	0	0	0	0	0	0	0	0	0	0	0	3.27818298339844	-8.94958923339844	-3.57696166992188	0.852450364215796	0.494694527031211	0.169132201173296	-0.515923420926237	0.743660020480616	0.425197363207416	0.0845659522983458	-0.449718910947868	0.889157748010856
35	9.141516	0	0	0	0	0	0	0	0	0	0	0	0	3.26920166015625	-9.64055236816406	-4.43318115234375	0.855486231329931	0.489775609365891	0.168116508633692	-0.510473387948435	0.743142906337727	0.432614772004335	0.0869495727497157	-0.45591498465195	0.885765938929949
36	9.141516	0	0	0	0	0	0	0	0	0	0	0	0	3.60510314941406	-9.03521118164062	-3.36979248046875	0.858548920162334	0.484591030351568	0.167526967951118	-0.504818954371944	0.7417261304377	0.441588236633103	0.0897305688988241	-0.463695892507926	0.881438905583576
37	9.141516	0	0	0	0	0	0	0	0	0	0	0	0	3.48894470214844	-8.95677429199219	-4.33857788085938	0.862047574011605	0.479234392035344	0.164949621494628	-0.498484309293556	0.742888555453016	0.446799717507808	0.0915826049467518	-0.467387410685659	0.879296101892714
38	9.141516	0	0	0	0	0	0	0	0	0	0	0	0	2.76744506835937	-8.44543762207031	-1.21307739257813	0.862877986940122	0.477221632338314	0.16643645418753	-0.49694119035013	0.741053453802655	0.451540952672681	0.0921468012877183	-0.472333877924834	0.876589798467293
39	9.141516	0	0	0	0	0	0	0	0	0	0	0	0	3.30871948242188	-8.82085693359375	-3.5302587890625	0.867150428037377	0.47042500362355	0.163555651447382	-0.488733779030264	0.740536220251742	0.461243319442202	0.0958615062962806	-0.479902513497321	0.872068890139742
40	9.141516	0	0	0	0	0	0	0	0	0	0	0	0	3.07460632324219	-9.18968994140625	-2.61476257324219	0.869829235583234	0.465650160611128	0.162993953407841	-0.483701605725325	0.739896632884134	0.467531527563077	0.0971074535935774	-0.485513028218144	0.868819452986073
41	9.141516	0	0	0	0	0	0	0	0	0	0	0	0	3.39733520507813	-8.95916931152344	-2.99197814941406	0.87263151106462	0.46161540937962	0.159453628746305	-0.477909299281266	0.73988522404739	0.473468644048192	0.100583038120591	-0.489368030279492	0.866257457908907
42	9.141516	0	0	0	0	0	0	0	0	0	0	0	0	2.99557067871094	-8.95857055664063	-3.0799951171875	0.875379155734568	0.457281634916567	0.156859300245372	-0.472572397802227	0.741007995528954	0.477056054775134	0.101914977019523	-0.491732302101655	0.864761632202145
43	9.141516	0	0	0	0	0	0	0	0	0	0	0	0	3.09975402832031	-8.91306518554688	-2.404599609375	0.877345071618575	0.453623903808071	0.156495939885107	-0.468806434212604	0.740676346930204	0.481268195852366	0.102401916717708	-0.495604583304124	0.862490547461528
44	9.141516	0	0	0	0	0	0	0	0	0	0	0	0	3.1039453125	-9.25555297851563	-2.77582763671875	0.879974071080548	0.449402682191461	0.153892376240825	-0.463531999327172	0.741555288407307	0.48500911314625	0.103844690888276	-0.498129484646591	0.860861949850289
45	9.141516	0	0	0	0	0	0	0	0	0	0	0	0	3.10514282226563	-8.75020385742187	-2.15970886230469	0.882248563681385	0.445509171507611	0.152180977736169	-0.458977942737109	0.74201001448404	0.488631135404005	0.104769842812451	-0.500941829465256	0.859116152524825
46	9.141516	0	0	0	0	0	0	0	0	0	0	0	0	2.83031433105469	-9.31842224121094	-2.31059509277344	0.885520639974632	0.440439030910337	0.147873784795285	-0.452342901421048	0.744696068932638	0.490727688693295	0.106014601413705	-0.501439153803369	0.858673208688879
47	9.141516	0	0	0	0	0	0	0	0	0	0	0	0	2.72732849121094	-9.19268371582031	-0.39996826171875	0.887324309982122	0.436209111464637	0.149590039741903	-0.44901954527656	0.743368829442031	0.495766307219054	0.105057207627003	-0.507074348088343	0.855475650522211
48	9.141516	0	0	0	0	0	0	0	0	0	0	0	0	2.91473876953125	-8.966953125	-2.52195556640625	0.890029115810937	0.432227603602052	0.145008522829627	-0.443006256455793	0.744816516459223	0.498992799096915	0.107673718937479	-0.508357802629189	0.854387918194187
49	9.141516	0	0	0	0	0	0	0	0	0	0	0	0	2.40340209960938	-9.59684326171875	-0.890348510742188	0.891981021927502	0.428731664057091	0.143384157967356	-0.438958341147842	0.745545186562503	0.50147577162832	0.108099173252644	-0.510246543377142	0.853207497455206
50	9.141516	0	0	0	0	0	0	0	0	0	0	0	0	3.00574951171875	-9.13520324707031	-2.33454528808594	0.894207953763634	0.425166172191322	0.140092331874497	-0.434031602425476	0.746841937549821	0.503829026965302	0.109584230260693	-0.511332422540375	0.852367555774598
51	9.141516	0	0	0	0	0	0	0	0	0	0	0	0	2.43393859863281	-9.551337890625	-0.684376831054687	0.896476348761384	0.421066576634883	0.137960480400864	-0.429362975764412	0.748614594566621	0.505196618995597	0.109442181786484	-0.512131942806571	0.851905676705456
52	9.141516	0	0	0	0	0	0	0	0	0	0	0	0	2.54889953613281	-9.33458862304687	-0.379011840820313	0.89803529989608	0.418354497531516	0.13605923171807	-0.426038221193132	0.749960815477947	0.506014040645361	0.109654157345495	-0.512384903800654	0.85172629179452
53	9.141516	0	0	0	0	0	0	0	0	0	0	0	0	2.76804382324219	-9.34716247558594	-1.10051147460938	0.900809447965864	0.41480069433393	0.128385055343389	-0.419486904055812	0.754993174507961	0.504000043424663	0.112129727463796	-0.507863850285174	0.854108443812853
54	9.141516	0	0	0	0	0	0	0	0	0	0	0	0	2.48902404785156	-9.2878857421875	0.74964111328125	0.902624515596311	0.411159803373852	0.127344414616818	-0.416041793645042	0.757544831287678	0.503025898468399	0.110354926419897	-0.507024106605297	0.854838198453929
55	9.141516	0	0	0	0	0	0	0	0	0	0	0	0	2.57464599609375	-8.99868713378906	-0.295784912109375	0.905021820527518	0.407082496376677	0.123366711526206	-0.411081340719781	0.762511263580399	0.49958853492154	0.109305240867422	-0.50285227856375	0.857433350332351
56	9.141516	0	0	0	0	0	0	0	0	0	0	0	0	2.16210388183594	-8.43885131835938	1.80764099121094	0.905703990171313	0.405086508979587	0.12492078462167	-0.410409260371577	0.764139178487637	0.4976500325545	0.106134448644246	-0.50199226701511	0.858335157539299
57	9.141516	0	0	0	0	0	0	0	0	0	0	0	0	1.93757080078125	-9.38129150390625	2.33933532714844	0.907318053152103	0.401446465316206	0.124958736827009	-0.407695138757229	0.767412667176605	0.494835803161628	0.102755166575707	-0.499918527104181	0.85995513952763
58	9.141516	0	0	0	0	0	0	0	0	0	0	0	0	2.31598388671875	-8.81546813964844	1.2693603515625	0.909398316880794	0.398070813827527	0.120558402581775	-0.403212455831247	0.772635136183687	0.490361766247074	0.102051049563019	-0.494544814463872	0.863140202846549
59	9.141516	0	0	0	0	0	0	0	0	0	0	0	0	1.65855102539063	-8.62386657714844	2.2752685546875	0.911338289075047	0.394358240546179	0.118085142922762	-0.399557328197899	0.778335892099489	0.48430071293882	0.0990780719893295	-0.488543567333575	0.866896025177104
60	9.141516	0	0	0	0	0	0	0	0	0	0	0	0	1.35857482910156	-8.33287170410156	4.40024963378906	0.912385799931024	0.391943288927384	0.118036478891108	-0.398030131917934	0.782216518908255	0.479280013804502	0.0955205013053078	-0.484270354050129	0.869688483319485
61	9.141516	0	0	0	0	0	0	0	0	0	0	0	0	1.52622619628906	-8.27299621582031	4.54395080566406	0.913909732427558	0.389078345487675	0.115702385657186	-0.395110021620148	0.787337796608709	0.473272928495462	0.0930433865974215	-0.478243907545007	0.873284428526334
62	9.141516	0	0	0	0	0	0	0	0	0	0	0	0	1.53101623535156	-8.09875854492187	3.46259948730469	0.91549790076914	0.385951317057906	0.113600944311942	-0.3921286808627	0.792831501482855	0.466533287023896	0.0899927293295194	-0.471656433347102	0.877178156106338
63	9.141516	0	0	0	0	0	0	0	0	0	0	0	0	0.504151611328125	-8.13228881835938	5.41454040527344	0.916452750040216	0.384048560181448	0.112343492763415	-0.390570737663091	0.797507543285308	0.459821940847043	0.0869991714043037	-0.465283163058357	0.880876110670153
64	9.141516	0	0	0	0	0	0	0	0	0	0	0	0	1.61663818359375	-6.82041687011719	3.94040588378906	0.917324892910698	0.382113126006989	0.111823967822397	-0.389194421677426	0.801417806148815	0.454155482321633	0.0839210520760499	-0.460129393671811	0.883876800293831
65	9.141516	0	0	0	0	0	0	0	0	0	0	0	0	0.679586791992188	-7.32935852050781	4.13200744628906	0.919878426478705	0.378420129086079	0.10306253636282	-0.383269720611318	0.811565650958838	0.440982443467175	0.0832346187687816	-0.445150985718591	0.891578711136702
66	9.141516	0	0	0	0	0	0	0	0	0	0	0	0	0.877774658203125	-6.25638977050781	5.42891052246094	0.920694828490307	0.377191963871594	0.100235997435524	-0.381791790433125	0.817169442342697	0.431820716570192	0.0809695099964982	-0.435844381507913	0.896372474788752
67	9.141516	0	0	0	0	0	0	0	0	0	0	0	0	0.403560791015625	-6.00491271972656	6.63540161132812	0.922076422290819	0.375238306087068	0.0947168680873238	-0.378770681768665	0.824779789710561	0.419846482797585	0.0794219244784733	-0.42300651546981	0.902639266696406
68	9.141516	0	0	0	0	0	0	0	0	0	0	0	0	0.875379638671875	-5.50674865722656	6.22944580078125	0.923029889357666	0.374124826076257	0.0897019390302391	-0.376752745388771	0.831754909134511	0.407726795750127	0.0779306883993597	-0.410139470965734	0.90868719709345
69	9.141516	0	0	0	0	0	0	0	0	0	0	0	0	0.182620239257813	-4.55472839355469	8.63344665527344	0.923954365153305	0.372622261033146	0.0863769743432809	-0.375010809702165	0.837982550098599	0.396424189898619	0.0753340807382728	-0.398670159797288	0.91399501090899
70	9.141516	0	0	0	0	0	0	0	0	0	0	0	0	0.015567626953125	-4.70800964355469	8.52567077636719	0.924798894435369	0.371864398344277	0.0803982219652189	-0.373115241384205	0.845160337554788	0.382738841079767	0.0743775604461841	-0.383954259083456	0.920351620541709
71	9.141516	0	0	0	0	0	0	0	0	0	0	0	0	0.347876586914063	-3.99189880371094	8.57536743164063	0.924850009101752	0.37222157170277	0.078125298230534	-0.373357493198588	0.84937161503677	0.373057692377863	0.0725027098593987	-0.37419107569389	0.92451305882291
72	9.141516	0	0	0	0	0	0	0	0	0	0	0	0	0.328716430664063	-2.81354919433594	8.4735791015625	0.924856737672971	0.37253533608871	0.0765339019401333	-0.374026405268059	0.854508955511629	0.360442357545113	0.0688786102005829	-0.361983243142134	0.929636417499411
73	9.141516	0	0	0	0	0	0	0	0	0	0	0	0	-0.228724365234375	-2.86204833984375	9.69683532714844	0.924987000656626	0.372911720508613	0.0730472266658099	-0.373963942500588	0.859197103638236	0.349186636068856	0.0674538236549827	-0.350310128039388	0.93420168907327
74	9.141516	0	0	0	0	0	0	0	0	0	0	0	0	0.113164672851563	-1.51484985351563	8.45142517089844	0.924740818433189	0.374347067074699	0.0686927368510465	-0.374821093942983	0.864424206169285	0.335081988957908	0.066057295273888	-0.335611479483603	0.93968152508173
75	9.141516	0	0	0	0	0	0	0	0	0	0	0	0	-0.64426025390625	-1.87709655761719	10.3123553466797	0.924272495979504	0.375446057994125	0.0689971790183449	-0.376633051570995	0.867456140151997	0.325065207884385	0.0621924242986034	-0.326435449130866	0.943171246333661
76	9.141516	0	0	0	0	0	0	0	0	0	0	0	0	0.256865844726562	-0.977766723632813	8.152646484375	0.92375888452711	0.377579834526883	0.0640546002710292	-0.377844956044955	0.871264665894078	0.313258792623395	0.0624716931787156	-0.313578300465981	0.94750511187447
77	9.141516	0	0	0	0	0	0	0	0	0	0	0	0	-0.0910107421875	-0.208965454101563	10.5482647705078	0.923227303756488	0.379202366305586	0.0621040335789086	-0.379532245243383	0.874633199027955	0.301615719050986	0.0600551448174346	-0.30203035037289	0.951404775600053
78	9.141516	0	0	0	0	0	0	0	0	0	0	0	0	-0.015567626953125	0.171243896484375	9.68126770019531	0.922238250258915	0.381990446755981	0.0596649674980262	-0.382060078967291	0.876801307763751	0.291975277657687	0.0592174452242106	-0.292066371379763	0.954563004149111
79	9.141516	0	0	0	0	0	0	0	0	0	0	0	0	0.01916015625	0.736468505859375	8.58195373535156	0.92153870821806	0.38409942623649	0.0568686207023697	-0.383938328230225	0.879535719718922	0.281084111707329	0.0579462627920975	-0.280863932364619	0.957996702564843
80	9.141516	0	0	0	0	0	0	0	0	0	0	0	0	-0.413739624023438	0.733474731445312	9.43937072753906	0.920566601104747	0.386721703356037	0.0548038053775494	-0.386367296647501	0.881050167700631	0.272893594787407	0.0572489738926156	-0.272391127146419	0.960481977363525
81	9.141516	0	0	0	0	0	0	0	0	0	0	0	0	0.0616717529296875	1.47533203125	8.74301879882812	0.919792600637449	0.388976878492447	0.0517548047128945	-0.388301222216127	0.883198251770385	0.26302663153224	0.0566015250506476	-0.262026403379521	0.963399414206762
82	9.141516	0	0	0	0	0	0	0	0	0	0	0	0	-0.107177124023438	1.49509094238281	9.034013671875	0.918811839224744	0.391520667869217	0.0499636941356942	-0.390769855066445	0.884544464430037	0.254715548833457	0.0555312927257453	-0.253559967418798	0.9657244008778
83	9.141516	0	0	0	0	0	0	0	0	0	0	0	0	-0.274229736328125	1.77650573730469	9.19747375488281	0.918350506848761	0.393020494681396	0.046553596327396	-0.391912883317473	0.886713217067211	0.24524266057948	0.0551057026124152	-0.243463675809571	0.968343327596614
84	9.141516	0	0	0	0	0	0	0	0	0	0	0	0	0.0401165771484375	2.05372924804688	9.28848449707031	0.917666137890221	0.394827743205082	0.044720381988846	-0.393560268959086	0.887622331195757	0.239242370535533	0.0547647155246744	-0.237144787752527	0.969929469381826
85	9.141516	0	0	0	0	0	0	0	0	0	0	0	0	-0.201181640625	2.14234497070313	9.03341491699219	0.916983368574047	0.396687692789713	0.0421945037625419	-0.395195436180458	0.888883696636638	0.231746286002006	0.0544248930245243	-0.2291825653115	0.971860732191866
86	9.141516	0	0	0	0	0	0	0	0	0	0	0	0	-0.06945556640625	2.35669921875	9.36931640625	0.915854746229306	0.3993335628735	0.0417467288779653	-0.397926265658957	0.88890067413874	0.226958759721698	0.0535235547023056	-0.224473377215319	0.973009214762932
87	9.141516	0	0	0	0	0	0	0	0	0	0	0	0	-0.413140869140625	2.27347229003906	9.65372497558594	0.914765687739408	0.401872790346356	0.0412552652867744	-0.400593635975099	0.889140469756481	0.22125542673	0.0522348097622479	-0.21892346932309	0.974342875598033
88	9.141516	0	0	0	0	0	0	0	0	0	0	0	0	0.156275024414063	2.55907836914063	9.08490783691406	0.913915983070061	0.403911176038095	0.0401663759954444	-0.402486945709194	0.88896376654086	0.218512425988025	0.0525531580665537	-0.215868440604484	0.975007170193236
89	9.141516	0	0	0	0	0	0	0	0	0	0	0	0	-0.226928100585938	2.50279541015625	9.120234375	0.912955313098929	0.406191085384635	0.0390051078512535	-0.404682133346186	0.888980474930368	0.214350381718711	0.0523924349006167	-0.211476990111524	0.975977722808546
90	9.141516	0	0	0	0	0	0	0	0	0	0	0	0	-0.30895751953125	2.40100708007812	9.08490783691406	0.911820882040212	0.408810959003959	0.0381612221197404	-0.407249988793355	0.888664983708205	0.210765256526563	0.0522506048120153	-0.207721319390087	0.97679154775603
91	9.141516	0	0	0	0	0	0	0	0	0	0	0	0	-0.0556842041015625	2.33454528808594	9.09808044433594	0.910443898675479	0.411733390860275	0.0395919463438475	-0.410436317316962	0.887384386660422	0.209978522088803	0.0513218938844246	-0.207423636941425	0.97690403727598
92	9.141516	0	0	0	0	0	0	0	0	0	0	0	0	0.0628692626953125	2.41358093261719	9.02084106445313	0.909682693652269	0.413411727334579	0.0395997546935973	-0.412064942569341	0.886589911476512	0.210144740532321	0.0517675571654559	-0.207482704267876	0.976867978518495
93	9.141516	0	0	0	0	0	0	0	0	0	0	0	0	-0.334703979492187	2.19204162597656	8.6651806640625	0.908517087718688	0.415950961624183	0.0397680631546291	-0.414630541265224	0.885642315589655	0.209091374970611	0.0517514789475671	-0.206452140606269	0.977087149677975
94	9.141516	0	0	0	0	0	0	0	0	0	0	0	0	-0.0999920654296875	1.97349609375	8.55141723632813	0.907365616489345	0.418399154526606	0.0403706019813035	-0.417094774558951	0.884277863037746	0.209963353890667	0.0521496600998512	-0.207351895175376	0.976875429376055
95	9.141516	0	0	0	0	0	0	0	0	0	0	0	0	-0.180225219726562	1.94595336914062	10.7865692138672	0.905954039134983	0.420922761786657	0.0455116203282619	-0.420275976793968	0.881124354677973	0.216767098341058	0.0511408086061094	-0.215508468982588	0.975161892965417
96	9.141516	0	0	0	0	0	0	0	0	0	0	0	0	-0.210162963867188	0.942440185546875	10.2039807128906	0.904475749786034	0.42334301226913	0.0520030000278012	-0.423530455900333	0.877002939379403	0.226909226883226	0.0504536517394752	-0.227258747428534	0.972526550148306
97	9.141516	0	0	0	0	0	0	0	0	0	0	0	0	0.05748046875	1.37054992675781	7.71495666503906	0.902165620167487	0.427191277840316	0.0600400360174222	-0.42862667627954	0.871935372992973	0.236659835428745	0.0487479863109218	-0.23924112828016	0.969735694078478
98	9.141516	0	0	0	0	0	0	0	0	0	0	0	0	-0.37601806640625	-0.185614013671875	10.8799749755859	0.901615279345081	0.428145905267576	0.0614896076918609	-0.429516129641879	0.869444135364197	0.2440958620261	0.0510468650257002	-0.246491337136646	0.967799689133881
99	9.141516	0	0	0	0	0	0	0	0	0	0	0	0	-0.00239501953125	-0.260458374023438	8.47058532714844	0.899982535471633	0.430711257006047	0.0672253593097357	-0.432749195037828	0.864153041266633	0.256841693390582	0.0525316099140688	-0.2602447585599	0.964112594877764
100	9.141516	0	0	0	0	0	0	0	0	0	0	0	0	0.262254638671875	-0.833466796875	7.29403198242188	0.899293204091927	0.432003162080623	0.0681542443756752	-0.434060392552922	0.862565794440345	0.259945813350206	0.0535098933925229	-0.263350561445843	0.963215019139175
101	9.141516	0	0	0	0	0	0	0	0	0	0	0	0	-0.724493408203125	-2.00403259277344	10.6446643066406	0.897922895345446	0.434068335787459	0.0729325296500672	-0.436608198531047	0.857392985362302	0.27248954039925	0.0557472419938962	-0.276517537451472	0.959390585992925
102	9.141516	0	0	0	0	0	0	0	0	0	0	0	0	0.693956909179688	-1.61963195800781	7.87542297363281	0.896824167568203	0.435792620518796	0.0760999629892238	-0.438670128470611	0.853779840008353	0.280407744513039	0.0572270115695213	-0.284859222593675	0.956859599131529
103	9.141516	0	0	0	0	0	0	0	0	0	0	0	0	-0.219144287109375	-2.902763671875	9.65073120117188	0.895758513113673	0.437446436111051	0.0791031081445079	-0.440477181890123	0.849399327451373	0.290689928892094	0.0599711465499629	-0.295231092635744	0.95354185200367
104	9.141516	0	0	0	0	0	0	0	0	0	0	0	0	0.356259155273438	-2.74888366699219	8.40472229003906	0.894338608667027	0.439610696613229	0.0830715864225416	-0.442905767778769	0.843751167668935	0.303180553343399	0.0631896662107455	-0.307938959017111	0.949305358461456
105	9.141516	0	0	0	0	0	0	0	0	0	0	0	0	0.104183349609375	-3.96914611816406	8.19994812011719	0.893304258142196	0.440819263599905	0.0876691463643752	-0.444834972896245	0.839256165873617	0.312683442048844	0.0642600130206765	-0.318319752579625	0.945802931822602
106	9.141516	0	0	0	0	0	0	0	0	0	0	0	0	0.547261962890625	-3.89669677734375	8.48555419921875	0.891465008986155	0.443366354780939	0.0933617330686237	-0.44805005702692	0.831984688091976	0.327188974720529	0.0673890506795286	-0.333508252114936	0.940335557989674
107	9.141516	0	0	0	0	0	0	0	0	0	0	0	0	0.593366088867188	-4.67747314453125	7.18445983886719	0.890810985931411	0.443712154891315	0.0978535177988699	-0.448964614847404	0.826419316284979	0.339796833837499	0.0699039480918606	-0.346627519497188	0.935394462656476
108	9.141516	0	0	0	0	0	0	0	0	0	0	0	0	0.56282958984375	-4.95230163574219	7.41737548828125	0.889082651350946	0.445510519456547	0.105130471892454	-0.452137847434128	0.818870097931401	0.353586099318753	0.0714381269659635	-0.361900731924345	0.929475365057202
109	9.141516	0	0	0	0	0	0	0	0	0	0	0	0	0.911304931640625	-5.31933837890625	6.82820068359375	0.888478472084452	0.445349960782552	0.110767400770521	-0.452907928325581	0.811981901490436	0.368184464788787	0.0740298122536305	-0.377291404729759	0.923130967314355
110	9.141516	0	0	0	0	0	0	0	0	0	0	0	0	0.761017456054688	-6.32704284667969	6.63001281738281	0.887384010893556	0.446088973796864	0.116422698247919	-0.454540828715586	0.804313077018045	0.382718054405999	0.077086005480978	-0.392536751903088	0.916500216128922
111	9.141516	0	0	0	0	0	0	0	0	0	0	0	0	0.892144775390625	-6.66893188476562	6.13903381347656	0.886527077192489	0.445687264812659	0.124228029801465	-0.455838891983945	0.795362818536391	0.399510815178635	0.0792505265559251	-0.410805122745152	0.908272263788204
112	9.141516	0	0	0	0	0	0	0	0	0	0	0	0	1.03285217285156	-7.21140380859375	5.46483581542969	0.885700712290055	0.445117782868267	0.13192576557795	-0.457133185008352	0.786569586593386	0.415135564135896	0.0810154270062735	-0.427993510255411	0.900143352897883
113	9.141516	0	0	0	0	0	0	0	0	0	0	0	0	1.45497436523438	-7.82752258300781	4.20924682617188	0.885646489778285	0.443821885026278	0.136573897634668	-0.45662835654256	0.778934094962408	0.429828128100449	0.0843850647013089	-0.443039287283663	0.892521904929251
114	9.141516	0	0	0	0	0	0	0	0	0	0	0	0	1.2022998046875	-7.96343994140625	3.84400634765625	0.885199485951859	0.442996493201538	0.142042166562274	-0.457022287513921	0.771052628121751	0.443405540540579	0.0869051136936598	-0.45741879244045	0.884994660738816
115	9.141516	0	0	0	0	0	0	0	0	0	0	0	0	1.17236206054687	-8.27419372558594	3.36560119628906	0.884569024667545	0.442606700227277	0.147095035649166	-0.457791688966192	0.763571624988019	0.455395589599458	0.0892435438123674	-0.470167717338267	0.878053476424263
116	9.141516	0	0	0	0	0	0	0	0	0	0	0	0	1.71303771972656	-8.49154174804688	3.29734313964844	0.883710997988785	0.442036737631301	0.153812855827928	-0.459022193735917	0.754381692303517	0.469262067479515	0.0913974709252552	-0.485295564477524	0.869560071189397
117	9.141516	0	0	0	0	0	0	0	0	0	0	0	0	1.51425109863281	-8.67535949707031	1.93098449707031	0.883525936913401	0.440415210271018	0.159425096403401	-0.458864255542767	0.745619320520295	0.483213642038423	0.0939442057099901	-0.500086263987314	0.860864806334148
118	9.141516	0	0	0	0	0	0	0	0	0	0	0	0	1.71902526855469	-9.3884765625	0.887953491210938	0.883320121763263	0.43913115002423	0.164040835058013	-0.458515018971547	0.736570924777215	0.497219519076193	0.097516869646516	-0.514419192732188	0.851976146545846
119	9.141516	0	0	0	0	0	0	0	0	0	0	0	0	2.31299011230469	-9.01185974121094	0.686173095703125	0.884212185673721	0.436298858658124	0.166769651434908	-0.456041675202706	0.729221975396844	0.510158113800647	0.100969308130797	-0.5271419320562	0.843757419098431
120	9.141516	0	0	0	0	0	0	0	0	0	0	0	0	1.77470947265625	-9.11724060058594	0.716709594726562	0.884539451848937	0.434303232317852	0.170207698183864	-0.454749638235402	0.721601883169321	0.522009088743924	0.10388803900139	-0.539139522391706	0.83578457197276
121	9.141516	0	0	0	0	0	0	0	0	0	0	0	0	2.52854187011719	-9.13220947265625	-0.648451538085938	0.885241841818117	0.431744532752382	0.17304201782485	-0.452921562394087	0.715450615804343	0.531970370099394	0.105872280663859	-0.549296891292509	0.828893229193857
122	9.141516	0	0	0	0	0	0	0	0	0	0	0	0	1.82799865722656	-9.62258972167969	-0.0437091064453125	0.885745280646722	0.429105521555513	0.176985166561017	-0.451564781291924	0.708330953538744	0.54254631927207	0.107445549506887	-0.560478109857527	0.821169740225307
123	9.141516	0	0	0	0	0	0	0	0	0	0	0	0	2.87821472167969	-8.84420837402344	-1.91781188964844	0.886532197553682	0.426559313210569	0.179186536921633	-0.449707446734537	0.703428641459245	0.550410173167525	0.108737643215879	-0.56853786038234	0.815439038959828
124	9.141516	0	0	0	0	0	0	0	0	0	0	0	0	2.30820007324219	-10.0728533935547	-1.81302978515625	0.888264164309832	0.423235955904948	0.178488375061739	-0.445871875599539	0.701090637987424	0.556480177432886	0.110385891092589	-0.573884346323901	0.81146269913785
125	9.141516	0	0	0	0	0	0	0	0	0	0	0	0	2.51177673339844	-9.41362426757813	-1.75435180664063	0.888828964522551	0.420792329013266	0.181430117867353	-0.444482358495468	0.695406752256307	0.564663512104901	0.111438345339817	-0.582531771459658	0.805132430366581
126	9.141516	0	0	0	0	0	0	0	0	0	0	0	0	2.66026794433594	-9.7094091796875	-2.17407897949219	0.89073201471539	0.417372287279865	0.179991254709326	-0.440346618089144	0.694248119397561	0.569310464202445	0.112655820526579	-0.586361597074471	0.802177501291179
127	9.141516	0	0	0	0	0	0	0	0	0	0	0	0	2.11659851074219	-10.0405206298828	-1.72321655273438	0.89136557360855	0.414975878957316	0.182379916846957	-0.438913365375645	0.689646658702596	0.575970957457902	0.113236354057018	-0.593449665956556	0.796865749104531
128	9.141516	0	0	0	0	0	0	0	0	0	0	0	0	2.80396911621094	-9.45014831542969	-2.42675354003906	0.892590233460723	0.41288889012564	0.18112271956149	-0.436187271946174	0.689104559564665	0.578684343817373	0.114119844561264	-0.595531418481012	0.795184878301459
129	9.141516	0	0	0	0	0	0	0	0	0	0	0	0	1.85434387207031	-9.63516357421875	-0.163460083007813	0.892705499946204	0.410864220742627	0.185114781903963	-0.436116569133644	0.68422900445378	0.584493804579047	0.113486688615436	-0.602512457612076	0.789999689828648
130	9.141516	0	0	0	0	0	0	0	0	0	0	0	0	2.68002685546875	-9.0052734375	-2.46567260742188	0.894081456589053	0.408427162619044	0.183862997415344	-0.433130905564895	0.683829282674321	0.587175553647849	0.114087543702772	-0.604619520849336	0.788301507914191
131	9.141516	0	0	0	0	0	0	0	0	0	0	0	0	1.92679321289063	-9.72078552246094	-0.111967163085938	0.894375834288529	0.406192149731668	0.187349418299243	-0.432762432066047	0.67975951046038	0.592151741811966	0.113174840105824	-0.610683998017822	0.783745181887576
132	9.141516	0	0	0	0	0	0	0	0	0	0	0	0	2.79438903808594	-9.31363220214844	-2.4285498046875	0.89622327994712	0.403370379802902	0.184597316281924	-0.428668754856804	0.680436423633254	0.594347854377136	0.114135582051976	-0.61179948519989	0.782735241840309
133	9.141516	0	0	0	0	0	0	0	0	0	0	0	0	1.82081359863281	-9.51122131347656	-0.0125738525390625	0.896573286606568	0.401348109014846	0.187285976874153	-0.428217851280345	0.677580989005823	0.597924305562782	0.113074371934327	-0.616282158372363	0.779365439112846
134	9.141516	0	0	0	0	0	0	0	0	0	0	0	0	2.62793518066406	-9.0196435546875	-1.82739990234375	0.898159343494838	0.398942656020421	0.184809498944983	-0.424725736867071	0.678601800422318	0.599255909362864	0.113656685397942	-0.616720644758194	0.778933761107703
135	9.141516	0	0	0	0	0	0	0	0	0	0	0	0	2.0357666015625	-9.27950317382813	-1.10709777832031	0.899551487647884	0.396417819581831	0.183466709210329	-0.421882447340718	0.679573999250127	0.600161961614526	0.113235690911861	-0.61727796968722	0.778553521886927
136	9.141516	0	0	0	0	0	0	0	0	0	0	0	0	2.02319274902344	-9.53098022460938	-0.77359130859375	0.900516616544936	0.393888726784516	0.184177887485262	-0.419916705736252	0.677832027617049	0.603501203462077	0.112870649728241	-0.62080223360474	0.775799460673499
137	9.141516	0	0	0	0	0	0	0	0	0	0	0	0	2.52973937988281	-8.95557678222656	-2.12797485351563	0.90243577958192	0.391334934409816	0.180184996159056	-0.41583816382405	0.681854203414042	0.601791879966859	0.112642288851995	-0.618006322295386	0.778061630184342
138	9.141516	0	0	0	0	0	0	0	0	0	0	0	0	1.81722106933594	-10.2584674072266	-1.427431640625	0.905686983148755	0.387568103434259	0.17181982934248	-0.408878950587246	0.691450083823195	0.595579369477797	0.112022731271737	-0.609661993879616	0.784705779829072
139	9.141516	0	0	0	0	0	0	0	0	0	0	0	0	1.31606323242188	-9.79443237304688	2.54590576171875	0.905722829958254	0.385962497082254	0.175211603892102	-0.409826605497409	0.69187428805205	0.594434288175691	0.108204938514296	-0.610199082577564	0.784824038178379
140	9.141516	0	0	0	0	0	0	0	0	0	0	0	0	1.81722106933594	-9.73216186523438	-1.2597802734375	0.909829792509428	0.382423485773593	0.161127360156574	-0.400284221802897	0.706332926317002	0.583837596405122	0.109463648933797	-0.595689579167905	0.795720827195608
141	9.141516	0	0	0	0	0	0	0	0	0	0	0	0	0.994531860351563	-9.68007019042969	3.76437194824219	0.909992837955237	0.38176897370736	0.16175749004174	-0.400680615544849	0.709384757129383	0.579851973075101	0.10662119487595	-0.592474233251469	0.798502475723344
142	9.141516	0	0	0	0	0	0	0	0	0	0	0	0	2.098037109375	-8.53165832519531	0.6370751953125	0.911831961432876	0.37983651081206	0.155841904389015	-0.396947282984466	0.718666259692105	0.570921764965579	0.104858612620641	-0.582445733295627	0.806077936135827
143	9.141516	0	0	0	0	0	0	0	0	0	0	0	0	0.678389282226563	-9.32500854492188	4.34276916503906	0.913737155820641	0.378408437527857	0.147957644211214	-0.392669746522446	0.728888845871222	0.560831098041573	0.104378543000007	-0.57055070306875	0.814602366181778
144	9.141516	0	0	0	0	0	0	0	0	0	0	0	0	1.6142431640625	-7.72573425292969	3.27638671875	0.914799026331049	0.377567579919545	0.143476353513266	-0.390760741050113	0.737403962878313	0.55094594905973	0.102219296992947	-0.560069743982888	0.822115014579597
145	9.141516	0	0	0	0	0	0	0	0	0	0	0	0	1.12146789550781	-8.16282531738281	3.32009582519531	0.916449616736555	0.376456443515114	0.135648981269206	-0.387030816725292	0.74782534219033	0.539411164588636	0.10162306277797	-0.546843491059249	0.831044493031364
146	9.141516	0	0	0	0	0	0	0	0	0	0	0	0	1.38851257324219	-6.75215881347656	5.38280639648438	0.916971860354876	0.376447279643482	0.132098648616635	-0.386255492375803	0.754841639588637	0.530113944122077	0.0998463916566087	-0.537123398105278	0.837573371879141
147	9.141516	0	0	0	0	0	0	0	0	0	0	0	0	0.937650146484375	-6.34740051269531	6.95573547363281	0.91738058067651	0.376320182211386	0.12959934667281	-0.38630966224434	0.763508440528414	0.517513000898078	0.0958003917230675	-0.524821857111782	0.845803939009182
148	9.141516	0	0	0	0	0	0	0	0	0	0	0	0	0.834065551757812	-6.39230712890625	5.06127502441406	0.918651371951866	0.375073666350469	0.124094325500292	-0.384087285921936	0.77436671204233	0.5028251704856	0.0925019654065613	-0.509584085398247	0.855434068940883
149	9.141516	0	0	0	0	0	0	0	0	0	0	0	0	0.581390991210938	-5.30197448730469	7.10542419433594	0.919633269311378	0.375147623974646	0.116356822755885	-0.38189552605995	0.784767217441082	0.4881559398442	0.091817520937241	-0.493360592929713	0.864965241031674
150	9.141516	0	0	0	0	0	0	0	0	0	0	0	0	0.0496966552734375	-4.32660278320312	8.14366516113281	0.919602641224929	0.376015637361259	0.113768285176235	-0.382985246068634	0.793604401541998	0.472773048245049	0.0874830471913421	-0.478334918559135	0.873809145146206
151	9.141516	0	0	0	0	0	0	0	0	0	0	0	0	-0.206570434570313	-3.88352416992188	9.54894287109375	0.919343740143944	0.377618302233917	0.110505679836462	-0.383788409317058	0.79878556281132	0.46330128590161	0.086680703342941	-0.468343936079221	0.879284034431307
152	9.141516	0	0	0	0	0	0	0	0	0	0	0	0	0.94603271484375	-2.57943603515625	7.31139587402344	0.918647300028627	0.379481477837802	0.109913357369124	-0.386248158180279	0.804166657156943	0.451805652708519	0.0830632196128761	-0.457503874841587	0.885319550248653
153	9.141516	0	0	0	0	0	0	0	0	0	0	0	0	0.248483276367188	-2.72852600097656	9.15795593261719	0.919057180527768	0.379687986890627	0.10569262761088	-0.385592460731428	0.810730361899707	0.440493739479976	0.081561958947977	-0.44559321460825	0.891512385751121
154	9.141516	0	0	0	0	0	0	0	0	0	0	0	0	0.292791137695313	-2.2369482421875	8.20413940429687	0.918114212378802	0.382384120612041	0.104156984076004	-0.388339796212737	0.815550008172194	0.429034249038215	0.0791106548165495	-0.43435074360946	0.897263024882005
155	9.141516	0	0	0	0	0	0	0	0	0	0	0	0	-0.568218383789063	-1.04482727050781	8.46040649414063	0.917346806988211	0.385295609091356	0.100110585471541	-0.390496893304084	0.82205400527987	0.414414513166687	0.0773757845090633	-0.419254703036524	0.904565355269238
156	9.141516	0	0	0	0	0	0	0	0	0	0	0	0	-0.922681274414063	-0.818497924804688	8.12151123046875	0.918049911679273	0.38616118374119	0.0897992195805864	-0.388737095501567	0.832259648407705	0.395256053986891	0.0778962787730246	-0.397773073251428	0.914171073677914
