// Start Time: Unknown
// Update Rate: 100.0Hz
// Filter Profile: human (46.1)
// Option Flags: AHS Disabled ICC Disabled 
// Firmware Version: 4.0.2
PacketCounter	SampleTimeFine	Acc_X	Acc_Y	Acc_Z	Mat[1][1]	Mat[2][1]	Mat[3][1]	Mat[1][2]	Mat[2][2]	Mat[3][2]	Mat[1][3]	Mat[2][3]	Mat[3][3]
1	0.0001	-9.53577026367187	0.998124389648438	-1.72740783691406	0.149804762404237	0.959453567493357	-0.238762193375082	0.145796945506552	-0.26028383157187	-0.954460883275593	-0.977906838017799	0.108171987346707	-0.178877157042184
2	0.0001	-9.6327685546875	0.941841430664063	-1.8729052734375	0.151785073556104	0.959279004635992	-0.238212263979312	0.146268510699898	-0.260150718620655	-0.954425023969296	-0.97753097865142	0.110024519384261	-0.179799307315297
3	0.0001	-9.76269836425781	1.07835754394531	-1.8633251953125	0.153013956508075	0.959005155078017	-0.238528492318076	0.146146417035371	-0.260676633320095	-0.954300224053533	-0.977357638687839	0.111161168465838	-0.180042330366615
4	0.0001	-9.62438598632813	1.09153015136719	-1.85494262695313	0.153173664289561	0.958588937735741	-0.240093892089684	0.145747032081975	-0.26221824259604	-0.953938884776766	-0.977392260664778	0.111125342296473	-0.179876421723602
5	0.0001	-9.78545104980469	1.13643676757813	-1.733994140625	0.151994302741595	0.958268883612115	-0.242112532998371	0.144268125440044	-0.263844865610878	-0.953715153949434	-0.977795704590745	0.110030148557422	-0.178350571886719
6	0.0001	-9.72497680664063	1.063388671875	-1.62502075195313	0.150159817403238	0.958126635395957	-0.243814232115864	0.142386589003707	-0.264997435984085	-0.953678362024509	-0.978354786623603	0.108488291841483	-0.176216350047326
7	0.0001	-9.62977478027344	1.1879296875	-1.50526977539063	0.148607560819932	0.958057310058748	-0.245034657773441	0.139894375827894	-0.265661279235685	-0.953862489212456	-0.978951151221997	0.107472207374075	-0.173506104109538
8	0.0001	-9.33279235839844	1.02686462402344	-1.36396362304688	0.14691705114945	0.95799761065744	-0.246284303308564	0.137379545634679	-0.266335202089576	-0.954040051868428	-0.979562269854632	0.106330325413494	-0.170738458979521
9	0.0001	-9.46451843261719	0.82388671875	-1.18673217773438	0.143680206947401	0.958252267683045	-0.247201516200558	0.135234329443173	-0.266461836401868	-0.954311147310666	-0.980340590953781	0.10368549185709	-0.167873894655321
10	0.0001	-9.47409851074219	0.609532470703125	-0.899928588867188	0.140768516869699	0.958206464887833	-0.249047375624535	0.132965165929224	-0.267570859412196	-0.954319705257537	-0.981073131477832	0.101223543904478	-0.165073634635271
11	0.0001	-9.55912170410156	0.183817749023438	-0.657432861328125	0.137338757587734	0.958144380201637	-0.251191983057338	0.131168587105723	-0.268954011492399	-0.954179512177261	-0.981800828794184	0.0980973312081797	-0.162616254380941
12	0.0001	-9.37949523925781	0.19399658203125	-0.703536987304688	0.134947465674935	0.958153893522881	-0.252448604343255	0.129947797189987	-0.26969253904698	-0.954138095030202	-0.982294635795891	0.0959533777901436	-0.160904312488136
13	0.0001	-9.52678894042969	0.0293389892578125	-0.772393798828125	0.131734461998484	0.958422508449027	-0.253125120879466	0.129005108696131	-0.269754402786267	-0.95424852324105	-0.982854879141509	0.0930529820892305	-0.159177351002057
14	0.0001	-9.50882629394531	-0.350271606445313	-0.68737060546875	0.128017422393499	0.958712848201267	-0.25393151489632	0.127799115011212	-0.26984996650474	-0.954383770702196	-0.983503393876237	0.0897255274222768	-0.157068150694909
15	0.0001	-9.41362426757813	-0.448467407226563	-0.61552001953125	0.125550527632015	0.958818695109686	-0.25476219287697	0.126219507258334	-0.270145038958804	-0.954510499634975	-0.98402525424848	0.0876833384064852	-0.154938475425272
16	0.0001	-9.36332885742187	-0.209564208984375	-0.817300415039063	0.123343918611832	0.959086949646235	-0.254830337204497	0.124400372488806	-0.269709139024076	-0.954872519057669	-0.984535842448676	0.0860767294056369	-0.152577755877797
17	0.0001	-9.51361633300781	-0.267044677734375	-0.4167333984375	0.120795163368887	0.959483487173917	-0.254558375126933	0.122667667179071	-0.268898520721749	-0.955325195408611	-0.985069120384721	0.0841725810120814	-0.1501792418087
18	0.0001	-9.49565368652344	-0.386196899414063	-0.468226318359375	0.118702366074807	0.959784450077438	-0.254408250019125	0.121684815347368	-0.26834993826137	-0.955605104815266	-0.985445358202128	0.0824749660483121	-0.148644966188601
19	0.0001	-9.51062255859375	-0.237705688476563	-0.276026000976562	0.116682016616882	0.960179411481329	-0.253851934728862	0.12047215524524	-0.267393931137187	-0.956026644713194	-0.985835567835115	0.0809690271546472	-0.146874946239465
20	0.0001	-9.29387329101563	-0.5221142578125	-0.268840942382813	0.114523767162001	0.960562124806036	-0.253386485715274	0.119826285466691	-0.266559333394167	-0.95634082998255	-0.98616731241016	0.0791613931697164	-0.145627970407991
21	0.0001	-9.5034375	-0.4358935546875	-0.236508178710938	0.113055860220249	0.960776250351161	-0.253233823236596	0.11935302119536	-0.266154515796137	-0.956512744323286	-0.986394053510766	0.0779151492489603	-0.144761875906996
22	0.0001	-9.37769897460938	-0.21794677734375	-0.200582885742188	0.11192072318695	0.960984423234169	-0.252947998653089	0.119136441298075	-0.265687441915426	-0.956669583274846	-0.986549674408816	0.0769358272180793	-0.144224194967867
23	0.0001	-9.50583251953125	-0.165855102539063	-0.185614013671875	0.110824445782326	0.961025266267448	-0.25327530438758	0.118730455462863	-0.265822654114537	-0.956682494616205	-0.986722362755918	0.0759523150080617	-0.143562615893883
24	0.0001	-9.33638488769531	-0.324525146484375	-0.2442919921875	0.110077278979331	0.9611644145408	-0.25307303466183	0.119158928166967	-0.265545834256301	-0.956706098939076	-0.986754347591439	0.0751556925958782	-0.143761884308142
25	0.0001	-9.41003173828125	-0.247884521484375	-0.177830200195313	0.109342960679955	0.961228542525141	-0.253147794745944	0.118565709976459	-0.265469038046902	-0.956801109037939	-0.986907437081878	0.074604818031045	-0.142995915183038
26	0.0001	-10.0237554931641	0.185015258789062	-0.296982421875	0.108775220537206	0.96139832828209	-0.252747316055947	0.117752566496056	-0.264927429593095	-0.957051613097636	-0.987067517691001	0.0743418551396066	-0.142024660160578
27	0.0001	-9.47290100097656	-0.0868194580078125	-0.047900390625	0.107202894898926	0.961834273376002	-0.251758554739552	0.117478945523169	-0.263698163269954	-0.957424658156879	-0.987272118862907	0.0730623654647919	-0.141264482686325
28	0.0001	-9.45673461914063	-0.067060546875	0.0305364990234375	0.105169024426395	0.962325150600617	-0.250738470966664	0.117158690965184	-0.262370698248002	-0.95782851170352	-0.987528894479815	0.0713576991105787	-0.140338025300056
29	0.0001	-9.31243469238281	0.0473016357421875	0.211959228515625	0.103043914376704	0.962986786706949	-0.249075089757593	0.117312282312032	-0.260426209207132	-0.958340241238333	-0.98773467091556	0.0695315625153749	-0.139805513787911
30	0.0001	-9.39206909179688	-0.21315673828125	0.145497436523437	0.10116632593769	0.963626695376318	-0.247364036299514	0.117628559667375	-0.258481404272336	-0.958827870681688	-0.987891135928878	0.0679040175801043	-0.139499634227595
31	0.0001	-9.6806689453125	-0.770597534179688	0.200582885742188	0.0983987225995173	0.964074630786987	-0.246734265280928	0.117905440642382	-0.257485416003835	-0.959061816366525	-0.988137641453714	0.0652791453549166	-0.139005880177864
32	0.0001	-9.47828979492188	-1.27355163574219	-0.499960327148438	0.0961200423067762	0.964355529406971	-0.246534683907039	0.118912902038173	-0.257032974289124	-0.959058794786298	-0.988241194848608	0.0628686172130953	-0.139380334961248
33	0.0001	-9.53577026367187	-0.57240966796875	-0.772992553710938	0.0952197853742524	0.964413143298187	-0.246658633554538	0.119115101055987	-0.257042754110278	-0.959031081487887	-0.988303994312329	0.0619379656843331	-0.139351724902073
34	0.0001	-9.32919982910156	-0.14609619140625	-0.298179931640625	0.0953646451131512	0.964534923807074	-0.246125913342997	0.118198208567797	-0.256475544163041	-0.959296345629251	-0.988400105197185	0.0623913135200215	-0.138464999344384
35	0.0001	-9.44655578613281	-0.350870361328125	-0.0143701171875	0.0944469348710706	0.964718100717519	-0.245761597165715	0.117614406872811	-0.255949077293487	-0.959508687364825	-0.988557852525292	0.0617175500210116	-0.137638353048804
36	0.0001	-9.24836791992188	-0.368234252929688	-0.179027709960938	0.094519121459735	0.964945465548032	-0.244839507017908	0.117878336646107	-0.255058476508353	-0.959713431869527	-0.988519515957084	0.0618499966008907	-0.137854069553433
37	0.0001	-9.63755859375	-0.207169189453125	0	0.0931303626820578	0.965298176365113	-0.243979848046708	0.117216833335012	-0.253970566840263	-0.9600828949428	-0.988729967953647	0.0608143230252706	-0.136801566457982
38	0.0001	-9.48607360839844	-0.0143701171875	-0.13412109375	0.0930271919515444	0.965825442263992	-0.241923865365067	0.116600459475102	-0.251873404704222	-0.960710216898362	-0.988812557772102	0.0611637398976544	-0.136046765907633
39	0.0001	-9.56870178222656	-0.159268798828125	-0.0317340087890625	0.0922674940049072	0.966287979071898	-0.240362748884269	0.115401977826238	-0.250143033763082	-0.961306842882955	-0.989024313686902	0.0609590367455833	-0.13459161480272
40	0.0001	-9.63935485839844	-0.3879931640625	-0.075443115234375	0.0914975800714355	0.966792355695317	-0.238622576069765	0.114748265213516	-0.24826772944771	-0.961871077715391	-0.98917189025546	0.0606273493068758	-0.133653642092022
41	0.0001	-9.23220153808594	-0.357456665039063	-0.0173638916015625	0.0905349171343958	0.967293387076357	-0.23695343867059	0.113618127778487	-0.246409260844765	-0.962482933464302	-0.989390898391318	0.0602161065520338	-0.132210705663856
42	0.0001	-9.35434753417969	-0.44068359375	0.0796343994140625	0.0897369579965728	0.967740045583557	-0.23542829597025	0.112628312509624	-0.244725950940735	-0.963028593634367	-0.989576748711668	0.0599033647643201	-0.130955890662303
43	0.0001	-9.38248901367188	-0.432899780273438	0.140108642578125	0.0891020383837225	0.968133114654426	-0.234049351773053	0.111810399777967	-0.243220963423056	-0.963505058343262	-0.98972686194594	0.0596811131018929	-0.129918834206447
44	0.0001	-9.52978271484375	-0.248483276367188	0.106578369140625	0.0882773954765462	0.968512868856508	-0.232787294127522	0.111061530595249	-0.241812602195028	-0.963946057537199	-0.989885062959189	0.0592409341503399	-0.128911108331582
45	0.0001	-9.40224792480469	-0.362246704101563	0.118553466796875	0.0875846492384759	0.968897175467968	-0.2314458739921	0.110822558563795	-0.240373636816013	-0.964333383865361	-0.989973378294158	0.058811377249962	-0.128428704637302
46	0.0001	-9.54115905761719	-0.504151611328125	0.135917358398437	0.0868291166687877	0.969283454922439	-0.230109296883326	0.110152445002842	-0.238906439469108	-0.964774663867211	-0.99011471222198	0.0584234301784332	-0.127512977566096
47	0.0001	-9.41482177734375	-0.167052612304688	0.253273315429688	0.086213764262719	0.969651219196128	-0.228787455869229	0.109780677371744	-0.237490160375295	-0.965166631520546	-0.990209770567557	0.058094206564673	-0.126923888359
48	0.0001	-9.47349975585938	-0.441282348632813	0.142503662109375	0.0855195834769393	0.969999716331446	-0.227567465071008	0.109799595860046	-0.23618844857762	-0.96548385046435	-0.990267867594875	0.0575809610497311	-0.126704314581975
49	0.0001	-9.45793212890625	-0.30895751953125	0.116757202148438	0.0849485198737486	0.970313283348906	-0.226441783087675	0.109907369387173	-0.235001574030141	-0.965761166312742	-0.990305063667581	0.0571523609313054	-0.126607616336171
50	0.0001	-9.56930053710938	-0.283809814453125	0.037122802734375	0.0845048522159775	0.970704306248831	-0.224926832063077	0.10975233653266	-0.233428413304168	-0.966160235410214	-0.990360214557096	0.0569589825424823	-0.126262899262403
51	0.0001	-9.44356201171875	-0.37122802734375	0.15567626953125	0.0838676956643771	0.970965096643253	-0.224037922514258	0.109329028257547	-0.232438740801737	-0.966446788682524	-0.99046119217474	0.0565598167877171	-0.125648772062173
52	0.0001	-9.45972839355469	-0.280816040039063	-0.122744750976563	0.0834860065031477	0.971141692521316	-0.22341418881752	0.109601722867072	-0.231785228281145	-0.966572847898816	-0.99046330020992	0.056208727058097	-0.125789625723993
53	0.0001	-9.4220068359375	-0.161663818359375	0.0496966552734375	0.0834616839125863	0.971164064722998	-0.223326009925355	0.109330472836003	-0.231678991387512	-0.966629035700419	-0.990495328120195	0.0562601487766393	-0.125514145145871
54	0.0001	-9.59265197753906	-0.21076171875	0.15567626953125	0.0830366894581664	0.971339008818036	-0.222722783190725	0.108994713638335	-0.231006042949417	-0.966827989106516	-0.990568049455829	0.0560065895162954	-0.125052794163216
55	0.0001	-9.48727111816406	-0.152682495117188	0.0868194580078125	0.0822354201319115	0.971563411451386	-0.222040251316449	0.108529815985156	-0.230200117916901	-0.967072481644097	-0.990685931422242	0.0554296242093407	-0.124374201674042
56	0.0001	-9.45194458007813	-0.302969970703125	-0.089813232421875	0.0814026871310599	0.97179722838651	-0.221322726867667	0.10820850872798	-0.2293642094361	-0.96730707537401	-0.990789847125368	0.0547923929943707	-0.123827591849478
57	0.0001	-9.38548278808594	-0.257464599609375	0.065863037109375	0.0807983064805297	0.971868311933338	-0.221232045440354	0.107472713649046	-0.229158483944347	-0.96743785591491	-0.99091939606145	0.0543909321134755	-0.122964942211343
58	0.0001	-9.47409851074219	-0.183817749023438	0.047900390625	0.0801327417904852	0.972060683247119	-0.220628130070226	0.106517997600035	-0.228423223416049	-0.967717286810306	-0.99107651565377	0.0540449728408386	-0.121846136706154
59	0.0001	-9.51840637207031	-0.220341796875	0.177830200195313	0.0790206576991643	0.972399411113174	-0.219533871927646	0.10534180277352	-0.227134777355719	-0.968149212417173	-0.991291501146467	0.0533776936774237	-0.120382646475573
60	0.0001	-9.41182800292969	-0.314346313476562	0.328716430664063	0.0777337369572313	0.972742932352594	-0.21846888496246	0.104558567490677	-0.225877754856734	-0.968528133729309	-0.991476158111208	0.0524445175300318	-0.11926692952399
61	0.0001	-9.40105041503906	-0.367036743164063	0.278421020507813	0.0767213712902064	0.973050053164917	-0.217456720344768	0.103917328893737	-0.224715488819643	-0.968867451120193	-0.991622418031653	0.0517353179201674	-0.118357242857199
62	0.0001	-9.4220068359375	-0.250878295898438	0.199385375976563	0.076110578632386	0.973321112565538	-0.216455980870076	0.103405316314944	-0.223620035896711	-0.969175639450023	-0.991723005873137	0.0513818195448221	-0.117666427846746
63	0.0001	-9.40703796386719	-0.30416748046875	0.232915649414063	0.0757446973867442	0.973672604744151	-0.214998603689723	0.102961772586991	-0.22210275242321	-0.969571679016966	-0.991797163841244	0.0513032760822755	-0.11707416307491
64	0.0001	-9.45673461914063	-0.218545532226563	0.222138061523438	0.0749051595577984	0.974105094929389	-0.213327169165644	0.102658676590352	-0.220324318246199	-0.970009479804226	-0.991892339516915	0.050758829990001	-0.116503768118065
65	0.0001	-9.53636901855469	-0.460442504882813	0.209564208984375	0.0744770909216812	0.974474021112054	-0.211786555535398	0.102410534540913	-0.218727512873593	-0.970397010262901	-0.991950223218327	0.0505831720025187	-0.116086594261678
66	0.0001	-9.36632263183594	-0.220341796875	0.310155029296875	0.0741387493288439	0.974877647371635	-0.21004051633697	0.102403147775327	-0.216949004061367	-0.970796953519368	-0.991976330954353	0.0504648619529171	-0.115914867615909
67	0.0001	-9.38129150390625	-0.346679077148438	0.195194091796875	0.0738012354212868	0.975106260506428	-0.209096050587911	0.102604580409501	-0.215979442590064	-0.970991853960411	-0.9919806841513	0.0502061858704275	-0.115989918402688
68	0.0001	-9.49625244140625	-0.338895263671875	0.174237670898438	0.0736769147251278	0.975470742665703	-0.207433224050075	0.103097495139137	-0.214334117795697	-0.971304170919067	-0.991938818039007	0.0501768487647669	-0.116360066669867
69	0.0001	-9.48248107910156	-0.281414794921875	0.12214599609375	0.073237147803159	0.975773619889804	-0.206160527038537	0.103435712232307	-0.21303253633246	-0.971554523379288	-0.991936174164777	0.0498295212791376	-0.11653173470106
70	0.0001	-9.45134582519531	-0.352666625976563	0.0568817138671875	0.073036990034515	0.976030872264781	-0.205010571612169	0.103798971561314	-0.211882364470938	-0.971767275189393	-0.991912985896198	0.0496950703013354	-0.11678625089553
71	0.0001	-9.56870178222656	-0.276026000976562	0.020357666015625	0.0727380846338855	0.976250210863128	-0.204070323255226	0.103780378326808	-0.210910276926362	-0.971980703595082	-0.991936895229802	0.0495215193279011	-0.116656825798227
72	0.0001	-9.474697265625	-0.31853759765625	0.105979614257813	0.0723612222049758	0.976385604069383	-0.203555903100521	0.103813509510363	-0.210355647837906	-0.972097349377025	-0.991960991553672	0.049210299620722	-0.116583607969108
73	0.0001	-9.44775329589844	-0.264050903320313	-0.0748443603515625	0.0718821655054739	0.976530338989339	-0.203030665948794	0.103574222180259	-0.209764919945329	-0.972250512398983	-0.992020833844732	0.0488587289406589	-0.116221726988998
74	0.0001	-9.51481384277344	-0.259859619140625	0.104782104492188	0.0714211904047282	0.976648404976635	-0.202625039463947	0.103281579701451	-0.209293030308764	-0.972383331180943	-0.992084637949578	0.0485213408797525	-0.115817747446954
75	0.0001	-9.50044372558594	-0.245489501953125	-0.027542724609375	0.0709212581473679	0.976766859732944	-0.202229268085109	0.103155202520077	-0.208834789777754	-0.972495262081787	-0.992133649936256	0.0481095864243881	-0.11556940926663
76	0.0001	-9.49804870605469	-0.212557983398438	0.06945556640625	0.0705218472354598	0.976825511661796	-0.202085597777697	0.102731574563788	-0.208625044307343	-0.972585119398505	-0.992206073681342	0.0478279275573356	-0.115063446391228
77	0.0001	-9.52439392089844	-0.281414794921875	0.0221539306640625	0.0697632395580748	0.976881922207091	-0.202076224408867	0.102134633258243	-0.208499816979309	-0.972674839300781	-0.992321322503738	0.0472179667560421	-0.114319099540971
78	0.0001	-9.41901306152344	-0.240100708007813	0.0664617919921875	0.0691864594347552	0.97689984064123	-0.202187871016098	0.101728374263944	-0.208525742958437	-0.97271185476134	-0.992403431927005	0.046730245866795	-0.113805590463434
79	0.0001	-9.49804870605469	-0.370629272460938	0.06945556640625	0.0686844425742504	0.976998867598803	-0.201880311221577	0.101646370013439	-0.208158389192787	-0.972799105916404	-0.992446705275077	0.0462957635137405	-0.113605631327519
80	0.0001	-9.40883422851562	-0.225730590820313	0.144898681640625	0.0683194600874911	0.977062607261144	-0.201695594561232	0.101614230239359	-0.207931395818392	-0.972851007526784	-0.992475188398288	0.0459695129957921	-0.113489225430053
81	0.0001	-9.34476745605469	-0.327518920898438	-0.123343505859375	0.068292801609654	0.976974342029914	-0.202131710187987	0.101924672577445	-0.208376940313619	-0.97272319385605	-0.992445189604083	0.0458277837206905	-0.113808434972829
82	0.0001	-9.50104248046875	-0.0724493408203125	0.00718505859375	0.0677721360942124	0.977061309329248	-0.201886441795983	0.102293289825398	-0.208090157301686	-0.972745891428413	-0.992442955754095	0.0452734386365175	-0.114049530152915
83	0.0001	-9.39865539550781	-0.242495727539063	-0.05029541015625	0.067078943561855	0.977253808710075	-0.201185011102413	0.102528822354383	-0.207323187844266	-0.972884852574401	-0.99246574546291	0.0446328258543378	-0.114103702564849
84	0.0001	-9.55193664550781	-0.1580712890625	-0.120349731445313	0.0663975146127158	0.977457499159051	-0.200420077315093	0.102546585654223	-0.206484541300041	-0.97306131974032	-0.992509731853505	0.0440564585713082	-0.113944989509145
85	0.0001	-9.38428527832031	-0.210162963867188	-0.133522338867188	0.0661177583549475	0.977615948185994	-0.199738578853752	0.102573573229262	-0.205775342978832	-0.97320869822301	-0.99252561886588	0.0438584777932777	-0.113882965453831
86	0.0001	-9.57349182128906	-0.312550048828125	-0.0975970458984375	0.0658354196797161	0.977770536589023	-0.19907404475222	0.102428122588706	-0.205075170015702	-0.973371796563874	-0.992559407400156	0.0436915600710721	-0.113652410269238
87	0.0001	-9.513017578125	-0.132324829101563	-0.010777587890625	0.0654706428307333	0.977983994899636	-0.198143636404197	0.102216062644319	-0.204098106658515	-0.97359942450471	-0.992605395645633	0.0434887178306907	-0.113328107531271
88	0.0001	-9.53157897949219	-0.110769653320313	-0.15567626953125	0.065032118566942	0.978251729911101	-0.196962880971602	0.102077241920176	-0.202866797161735	-0.973871295034056	-0.992648507900287	0.043227485877363	-0.113050096099283
89	0.0001	-9.40763671875	-0.281414794921875	-0.0239501953125	0.0649422671125346	0.978478210554994	-0.195864477155459	0.101896374901136	-0.201755238814835	-0.974121117927733	-0.992672972697601	0.0433037536463756	-0.112805825185771
90	0.0001	-9.56271423339844	-0.149089965820313	-0.140108642578125	0.0646099908539962	0.978709718818698	-0.194814874616061	0.101783227637292	-0.200667828037306	-0.974357530561819	-0.992706262523603	0.0431243444079447	-0.112581380635535
91	0.0001	-9.53577026367187	-0.23710693359375	-0.123343505859375	0.0642957766480732	0.978963338565649	-0.19364099475478	0.101492966245053	-0.199451146406712	-0.97463758289932	-0.992756380441849	0.0430118813986071	-0.112181759437756
92	0.0001	-9.51241882324219	-0.19878662109375	-0.137114868164063	0.0638321218563531	0.97924810936708	-0.192350202808095	0.101310757978884	-0.198106097729968	-0.974930820294419	-0.992804910612886	0.0427447580786672	-0.111853900780153
93	0.0001	-9.4794873046875	-0.259260864257813	-0.092208251953125	0.0636123100863726	0.979427186685592	-0.19150942532059	0.101247722134747	-0.197241675007044	-0.9751126193435	-0.992825449295092	0.0426392732297695	-0.111711770241263
94	0.0001	-9.61540466308594	-0.147892456054688	-0.125139770507812	0.0632566366247566	0.979673221994424	-0.190365375081675	0.100940963377025	-0.196049730395333	-0.97538475748006	-0.992879408506109	0.0424838948188693	-0.11129060537879
95	0.0001	-9.53038146972656	-0.260458374023438	-0.0832269287109375	0.0628452652651125	0.97992989872274	-0.189176812064792	0.100874051293699	-0.194817650186241	-0.975638513462598	-0.992912331683595	0.0422312297376146	-0.111092865772268
96	0.0001	-9.50164123535156	-0.125139770507812	-0.182620239257813	0.0626132571445027	0.980054988225442	-0.188604878208878	0.100622700491281	-0.194211730607764	-0.975785261130839	-0.992952492406157	0.0421191613017944	-0.110776008574217
97	0.0001	-9.47709228515625	-0.1868115234375	-0.0999920654296875	0.0621886033122275	0.980269455100237	-0.187628284156626	0.100437112221147	-0.193184436571554	-0.976008278630467	-0.992997967826093	0.0418517486374998	-0.11046930356091
98	0.0001	-9.53038146972656	-0.139509887695313	-0.161065063476563	0.0617091704966349	0.980445932203451	-0.18686292383007	0.100361577518829	-0.192366181071631	-0.976177650910862	-0.993035513984545	0.0414852552796962	-0.110269857893393
99	0.0001	-9.52678894042969	-0.17483642578125	-0.216150512695313	0.0611652137455525	0.980593942906122	-0.186264155873552	0.100131837648983	-0.191700427439052	-0.976332198182935	-0.99309235809994	0.0410665953727689	-0.109914071110075
100	0.0001	-9.56810302734375	-0.273630981445313	-0.191002807617188	0.0607589348765553	0.980709966614605	-0.185785664719986	0.099748390321238	-0.191163531290124	-0.97647670885332	-0.993155884270435	0.0407978637611119	-0.109439133090231
101	0.0001	-9.48846862792969	-0.13172607421875	-0.131127319335938	0.0602580141032227	0.980839265847365	-0.18526550220788	0.099412136577968	-0.190577012000642	-0.976625634313328	-0.993220116005178	0.0404318818373459	-0.108991119334337
102	0.0001	-9.4890673828125	-0.1484912109375	-0.157472534179688	0.0598119638862143	0.981003580714447	-0.184538623603593	0.0992897771885946	-0.189799611913573	-0.976789459127859	-0.993259316151585	0.0401008970334997	-0.108755914483743
103	0.0001	-9.43038940429688	-0.163460083007813	-0.13651611328125	0.0592753544957445	0.981117260135082	-0.184106909741146	0.0991548567200837	-0.189305903132973	-0.976898965823912	-0.99330496159952	0.0396509382491778	-0.108503715870639
104	0.0001	-9.52499267578125	-0.185614013671875	-0.14130615234375	0.0590280011847274	0.981232845584476	-0.183569599395781	0.0989950266056419	-0.188737656845588	-0.977025118201055	-0.993335632997973	0.039499362458508	-0.108277978286849
105	0.0001	-9.41841430664063	-0.111967163085938	-0.147293701171875	0.0586102452394811	0.981335967132445	-0.183151736997488	0.0990445430461337	-0.188278218883431	-0.977108740512982	-0.993355433692166	0.0391284028080843	-0.108231005021379
106	0.0001	-9.61420715332031	-0.220341796875	-0.229323120117188	0.0581438282458347	0.98147561485195	-0.182551123491216	0.0990354464813063	-0.187629269885159	-0.977234484360131	-0.99338375040926	0.0387411219939254	-0.108110359769471
107	0.0001	-9.53277648925781	-0.109572143554688	-0.211959228515625	0.0578107703563326	0.981613905208449	-0.181912220403756	0.0988302639822015	-0.186949102388111	-0.977385600486056	-0.993423622505533	0.0385249817351938	-0.107820833006832
108	0.0001	-9.51182006835938	-0.1676513671875	-0.168848876953125	0.0577558491201	0.981662416913163	-0.181667721713639	0.0984954329546738	-0.186686736260077	-0.977469545403657	-0.993460070450488	0.0385611426797521	-0.107471515741354
109	0.0001	-9.44595703125	-0.0712518310546875	-0.226329345703125	0.0577309314099779	0.981816873649127	-0.180839061533702	0.0987082851523725	-0.185867202072622	-0.977604243871707	-0.993440392776947	0.0385876898965047	-0.107643746625788
110	0.0001	-9.46751220703125	-0.1963916015625	-0.217348022460938	0.0574806984365068	0.981827719007332	-0.180859889129987	0.098571560488165	-0.185855670310165	-0.977620231621915	-0.99346847799524	0.0383666522180279	-0.107463404130901
111	0.0001	-9.5561279296875	-0.16525634765625	-0.223335571289063	0.0569948681647262	0.981961421553624	-0.180286859153048	0.0985808277194001	-0.18523315592994	-0.977737438349577	-0.993495548761565	0.0379531885962128	-0.107359909027238
112	0.0001	-9.57169555664063	-0.0640667724609375	-0.267044677734375	0.0566473747408753	0.982101490820727	-0.17963222612514	0.098523566484649	-0.184541796197225	-0.977873934770452	-0.993521102836831	0.0376959836588503	-0.107213949810087
113	0.0001	-9.53397399902344	-0.233514404296875	-0.258662109375	0.0561401169080424	0.982238529219438	-0.179041221483731	0.0982276332699989	-0.183887759331765	-0.978026903530837	-0.993579196307836	0.0373197492593155	-0.106806446338673
114	0.0001	-9.52020263671875	-0.216749267578125	-0.211959228515625	0.055657792186588	0.982342031163276	-0.178623469843478	0.0979462544908213	-0.183409747400145	-0.978144874642726	-0.993634108412213	0.0369458843259181	-0.10642490418714
115	0.0001	-9.52259765625	-0.258063354492188	-0.262254638671875	0.055202405022058	0.982460156061409	-0.178114390860405	0.0975517026093776	-0.182839775380235	-0.978291000601006	-0.993698324340839	0.0366286539569464	-0.105933856304347
116	0.0001	-9.6519287109375	-0.111368408203125	-0.240699462890625	0.055079395575073	0.982573294996774	-0.1775274067356	0.0965453294892915	-0.182205097906674	-0.97850922410094	-0.993803431034975	0.0367562546514453	-0.104898609176239
117	0.0001	-9.41122924804688	0.013172607421875	-0.117954711914063	0.0549464726709358	0.982686202911796	-0.176942679271619	0.0958782640698883	-0.181584153930175	-0.978690223472375	-0.99387536624064	0.0368106186888991	-0.104195656012012
118	0.0001	-9.49685119628906	-0.18441650390625	-0.120948486328125	0.0545000428160157	0.982765505631635	-0.17664004719669	0.0955375464403778	-0.181223673111187	-0.978790354225175	-0.993932755548989	0.0364683595008907	-0.103767703078119
119	0.0001	-9.53756652832031	-0.131127319335938	-0.125139770507812	0.0542125371943321	0.982824268928803	-0.176401409335405	0.0950990231632148	-0.180940122315679	-0.978885513188233	-0.993990531446028	0.0362922655802982	-0.103274851027215
120	0.0001	-9.46751220703125	-0.0748443603515625	-0.16525634765625	0.0536966350937724	0.982881270128956	-0.176241539397774	0.0947074361947401	-0.180713415668451	-0.978965353282159	-0.994055920413447	0.0358757609972604	-0.102789867515441
121	0.0001	-9.53816528320313	-0.09580078125	-0.123942260742188	0.0533429498605382	0.982929253763646	-0.1760812647496	0.094315131586662	-0.180503324510954	-0.97904198367296	-0.994112260086338	0.035617859791624	-0.102333681698146
122	0.0001	-9.48667236328125	-0.067060546875	-0.149089965820313	0.0530396590555349	0.982990915471417	-0.175828480821337	0.0940466054636105	-0.180210900145733	-0.979121681646075	-0.994153926999258	0.0353962084033193	-0.102005283503474
123	0.0001	-9.49744995117188	-0.0137713623046875	-0.168250122070313	0.0525649407954324	0.983040904091879	-0.175691513401742	0.0935510703298039	-0.180008538362862	-0.97920637424223	-0.994225891957819	0.0350357959619568	-0.10142666691749
124	0.0001	-9.60702209472656	-0.200582885742188	-0.115559692382813	0.0521526600609935	0.983156799383342	-0.175165087488535	0.0936052376988475	-0.179444183309426	-0.979304776130371	-0.99424250538986	0.0346769794347308	-0.101387117393575
125	0.0001	-9.52439392089844	-0.017962646484375	-0.13172607421875	0.0518261564712924	0.983224270065492	-0.174883058812434	0.0931887701972067	-0.179115689164525	-0.979404626803575	-0.9942986988901	0.0344616402583732	-0.100908338288553
126	0.0001	-9.47110473632813	-0.1005908203125	-0.120948486328125	0.0514382346692668	0.983371732398403	-0.174167000128821	0.0931661330874101	-0.178362440983219	-0.97954423651617	-0.994320964105479	0.0341595603934095	-0.100791590790504
127	0.0001	-9.532177734375	-0.0963995361328125	-0.2251318359375	0.050985601354319	0.983534361400688	-0.173380011531545	0.092991917389712	-0.177526917546921	-0.979712558277413	-0.994360584373055	0.0338282942287833	-0.100512062733024
128	0.0001	-9.44296325683594	-0.11256591796875	-0.147293701171875	0.0505475300198482	0.98367876465692	-0.172687681008024	0.0926654067639624	-0.176782195660529	-0.979878144305052	-0.994413429916432	0.0335282457113187	-0.100088896194131
129	0.0001	-9.54355407714844	-0.12693603515625	-0.145497436523437	0.0501820080997093	0.983772977115833	-0.172257062437892	0.0923486706905765	-0.176306022199533	-0.979993831387658	-0.994461406533589	0.0332703476511573	-0.0996975169320022
130	0.0001	-9.57468933105469	-0.0604742431640625	-0.185614013671875	0.0498019625448307	0.983927847236589	-0.171481065890831	0.091754034459046	-0.175475325221029	-0.980198759129526	-0.994535550740732	0.0330817422598368	-0.0990183651747606
131	0.0001	-9.44356201171875	-0.061072998046875	-0.113763427734375	0.0494024932910516	0.984038105934906	-0.170963153119817	0.0911862827963457	-0.174901055403444	-0.980354365853769	-0.994607689235516	0.0328424555538052	-0.0983713252263271
132	0.0001	-9.44715454101563	-0.143102416992188	-0.073048095703125	0.0490533455789012	0.984127920839484	-0.170546195242437	0.0908565634522303	-0.174440473730304	-0.980467034633188	-0.994655143336205	0.0325999470690015	-0.0979713697257041
133	0.0001	-9.53337524414063	-0.0718505859375	-0.118553466796875	0.048674103924917	0.984209711281372	-0.17018247802446	0.0903379954441628	-0.174024067096131	-0.980588940713922	-0.99472100520007	0.0323553440834836	-0.0973819979411108
134	0.0001	-9.378896484375	-0.099393310546875	-0.11256591796875	0.0484126872244698	0.984293792338908	-0.169770262645722	0.0900687701171973	-0.173579174343819	-0.980692554720231	-0.994758175822286	0.032186963156063	-0.0970575655861462
135	0.0001	-9.55014038085938	-0.10777587890625	-0.08861572265625	0.0480909896027998	0.984389389050786	-0.169306784988798	0.0897560846229969	-0.173076092306245	-0.980810130221517	-0.994802041610376	0.0319718156541017	-0.0966783378612156
136	0.0001	-9.47110473632813	-0.044307861328125	-0.0844244384765625	0.0477232805265415	0.984467995187167	-0.168953410583941	0.0893755440027812	-0.172676295812572	-0.980915342421891	-0.994854009706948	0.0317121950771234	-0.0962280419285279
137	0.0001	-9.532177734375	-0.082628173828125	-0.132324829101563	0.0473574467505382	0.984581643386961	-0.168393170118928	0.0891189977343257	-0.172074732258489	-0.981044387762857	-0.994894505201481	0.0314527268070894	-0.0958939492163059
138	0.0001	-9.52439392089844	-0.087418212890625	-0.044307861328125	0.0470040270327775	0.984648416655263	-0.168101508086589	0.0890011918499242	-0.171746502228958	-0.981112596403395	-0.994921810642422	0.0311550084320675	-0.0957076598690139
139	0.0001	-9.52319641113281	-0.149089965820313	-0.12214599609375	0.0467755267456336	0.984739661702082	-0.167630095056159	0.0889061154483091	-0.1712519267318	-0.981207664170301	-0.994941080031155	0.0309931647547446	-0.0955597771288988
140	0.0001	-9.44356201171875	-0.0353265380859375	-0.0544866943359375	0.0464849613547281	0.984835493871634	-0.167147235629142	0.0888780930516091	-0.170742136879597	-0.981299040695189	-0.994957201563645	0.0307599204225815	-0.0954672422993221
141	0.0001	-9.41661804199219	-0.0760418701171875	-0.21076171875	0.0461629678793453	0.984939508082713	-0.166622764994325	0.0889119972646977	-0.17018981777653	-0.981391910842755	-0.994969163913623	0.0304892004318715	-0.0954294059399522
142	0.0001	-9.51541259765625	-0.0293389892578125	-0.199385375976563	0.0458108352947364	0.985030836699274	-0.166179475631403	0.0887944575231592	-0.169710921176035	-0.981485480048864	-0.994995935510677	0.0302068532805201	-0.0952398778460086
143	0.0001	-9.52379516601563	-0.068258056640625	-0.24908203125	0.0454279045451842	0.985108443632407	-0.165824183317063	0.0889485435010587	-0.169325025651437	-0.9815381766886	-0.994999729697287	0.0298394030147583	-0.0953160423541014
144	0.0001	-9.51361633300781	-0.0640667724609375	-0.304766235351562	0.0450384228546867	0.985170332814602	-0.165562543495591	0.0890792512268069	-0.169031046670317	-0.981576992529067	-0.995005742429477	0.0294604922481631	-0.095371127333497
145	0.0001	-9.55912170410156	-0.0425115966796875	-0.271235961914063	0.0448157534078104	0.985262209631603	-0.165075517622517	0.0885549115016614	-0.168509081825193	-0.981714172756696	-0.995062598983312	0.0293780124290634	-0.0948016692379122
146	0.0001	-9.50643127441406	0.0221539306640625	-0.1916015625	0.0444396312701734	0.985384971299017	-0.16444323491894	0.0881720318770756	-0.167832192225679	-0.981864577244434	-0.995113466880656	0.0291344056187451	-0.0943417958383422
147	0.0001	-9.49924621582031	0.0041912841796875	-0.171243896484375	0.0440085569666367	0.985499632635078	-0.163871049883258	0.0878737536163429	-0.167212722440211	-0.981997000443233	-0.99515900756567	0.0288163066727796	-0.0939583425282277
148	0.0001	-9.53756652832031	-0.0389190673828125	-0.165855102539063	0.0435449889824771	0.985649120270184	-0.163093977954823	0.0873736834841982	-0.16638051855352	-0.982182957742734	-0.995223428868573	0.0285190244656806	-0.0933648321082773
149	0.0001	-9.48547485351563	-0.0413140869140625	-0.193397827148438	0.0430583814097208	0.985759567263937	-0.162554764119635	0.0870904453977089	-0.165789737315724	-0.982308005322777	-0.995269425889695	0.0281396259463115	-0.0929888775112268
150	0.0001	-9.4411669921875	-0.086220703125	-0.135318603515625	0.0427543625278283	0.985864574093831	-0.161997240814861	0.0869436428824427	-0.165201756937369	-0.982420064161526	-0.995295366937458	0.027918113324426	-0.0927777532668
151	0.0001	-9.61121337890625	-0.06466552734375	-0.176033935546875	0.0423158332656378	0.986010777727633	-0.161220707292776	0.086904857824276	-0.164386152053073	-0.982560297742447	-0.995317495044459	0.0275669950870968	-0.0926452634530813
152	0.0001	-9.53157897949219	-0.053887939453125	-0.13172607421875	0.0418266728163521	0.986110872531394	-0.160735423962754	0.0863385228106177	-0.163841757177291	-0.982701143829566	-0.995387456682067	0.0272254601509315	-0.0919923116329605
153	0.0001	-9.47529602050781	-0.0844244384765625	-0.2251318359375	0.0415612547195235	0.986273849485451	-0.159801614282486	0.0863531828950543	-0.162887141138636	-0.98285853867969	-0.995397302543076	0.0270494560542647	-0.091937680072624
154	0.0001	-9.50643127441406	-0.131127319335938	-0.192200317382813	0.0413041013766272	0.986294746527499	-0.159739300679971	0.0858479543290685	-0.16278775557831	-0.982919261878254	-0.99545170648655	0.0268853046483273	-0.0913951883141729
155	0.0001	-9.49325866699219	-0.0526904296875	-0.120349731445313	0.0408359389557724	0.986397213840471	-0.159226136728102	0.0860623365470632	-0.162239233624875	-0.982991203063829	-0.99545251032767	0.0264379953961932	-0.0915168404271609
156	0.0001	-9.52798645019531	-0.0688568115234375	-0.1963916015625	0.0404373030305575	0.986487722173804	-0.158766490557532	0.0860126258443564	-0.16174336743188	-0.983077266183668	-0.995473079856494	0.0260970705661741	-0.0913908649094123
157	0.0001	-9.56690551757813	-0.00239501953125	-0.188009033203125	0.0399013576096421	0.986574740085348	-0.158360866019469	0.0856510844362102	-0.161280830778351	-0.983184817497883	-0.995525877813233	0.0256666290925288	-0.0909365204701493
158	0.0001	-9.50643127441406	-0.140707397460937	-0.17004638671875	0.0394701866670047	0.986667777667505	-0.157888571078276	0.0853259869467983	-0.160762663154329	-0.983297941667266	-0.995570982058049	0.0253389551520147	-0.0905337342418698
159	0.0001	-9.5273876953125	-0.117954711914063	-0.21315673828125	0.0388574615762347	0.986753343690556	-0.157505353545075	0.0847537609334977	-0.160310998663161	-0.983421162938467	-0.995643961307193	0.0248640789720321	-0.0898603354622803
160	0.0001	-9.44655578613281	-0.0640667724609375	-0.137713623046875	0.0384280262646544	0.986822997243454	-0.157173976563706	0.0844754408491727	-0.159935285286719	-0.983506280820613	-0.995684280628524	0.0245168642305903	-0.0895083050758856
161	0.0001	-9.47709228515625	-0.101189575195313	-0.199385375976563	0.0378699574867295	0.986953028293678	-0.156491489423205	0.0840774377482179	-0.159195508732255	-0.983660395899506	-0.995739348816571	0.0240937739139883	-0.0890092089445453
162	0.0001	-9.57409057617187	-0.0496966552734375	-0.138312377929688	0.0374785635984807	0.98704430148946	-0.156009307952377	0.0836695305683429	-0.158670339419904	-0.983780022689445	-0.995788515160256	0.0238174365866137	-0.0885322697629225
163	0.0001	-9.50882629394531	-0.0987945556640625	-0.223335571289063	0.0371344409855138	0.987108492765829	-0.155685120683597	0.083197787565106	-0.158305588762449	-0.983878787610977	-0.995840931794313	0.023583131177757	-0.0880038322284197
164	0.0001	-9.47529602050781	-0.07903564453125	-0.19399658203125	0.0366764335917047	0.987188485611073	-0.155285971986876	0.0828962434251775	-0.157860402468246	-0.983975765026028	-0.995883051389563	0.0232160980674846	-0.0876239735776343
165	0.0001	-9.50104248046875	-0.0928070068359375	-0.16046630859375	0.036138537937639	0.987266325666762	-0.154916778562497	0.0825581570146381	-0.157437543333657	-0.984071933681379	-0.995930799195444	0.0227732771799456	-0.0871964509622333
166	0.0001	-9.47709228515625	-0.0335302734375	-0.201780395507813	0.0356862086535151	0.987343057653317	-0.154532135867385	0.0821385422875845	-0.157005255511862	-0.984176107011609	-0.995981804242833	0.0224284695298868	-0.0867018418013049
167	0.0001	-9.4890673828125	-0.1676513671875	-0.13172607421875	0.0351018943550114	0.987353864826904	-0.154596903669077	0.0815913654718311	-0.157007113942523	-0.984221324322879	-0.99604754208478	0.021934260480254	-0.0860707971617124
168	0.0001	-9.59564575195312	-0.125139770507812	-0.116757202148438	0.0347544980558946	0.987373726639557	-0.154548532205244	0.0812116955654599	-0.156920738673388	-0.984266499621714	-0.996090751572499	0.0216565398000442	-0.0856399960043392
169	0.0001	-9.46751220703125	-0.0592767333984375	-0.120948486328125	0.0342839242239751	0.987404427093683	-0.154457469536439	0.0813765136260869	-0.156793156557174	-0.984273218718716	-0.996093607835061	0.0211755380718576	-0.0857270145140916
170	0.0001	-9.55912170410156	-0.179027709960938	-0.192200317382813	0.0337113202636051	0.987509661464044	-0.153909763826908	0.0814421727169984	-0.156199457953472	-0.984362180215278	-0.996107785025907	0.0206494031441941	-0.08569062236073
