// Start Time: Unknown
// Update Rate: 100.0Hz
// Filter Profile: human (46.1)
// Option Flags: AHS Disabled ICC Disabled 
// Firmware Version: 4.0.2
PacketCounter	SampleTimeFine	Acc_X	Acc_Y	Acc_Z	Mat[1][1]	Mat[2][1]	Mat[3][1]	Mat[1][2]	Mat[2][2]	Mat[3][2]	Mat[1][3]	Mat[2][3]	Mat[3][3]
1	0.0001	-8.660390625	0.71611083984375	-5.00798583984375	0.334675772815499	0.82516654992706	-0.455073941213756	0.379172873288264	-0.56002485921168	-0.736613934993942	-0.862681899226285	0.0739751441121294	-0.500307524229767
2	0.0001	-8.53525085449219	0.913101196289062	-4.96008544921875	0.336821578473855	0.82474648284514	-0.45425154188946	0.379292784139872	-0.560414012413783	-0.736256150120126	-0.861793599520097	0.0756926266214618	-0.501579921947977
3	0.0001	-8.66398315429688	0.860410766601563	-5.00379455566406	0.337372082488679	0.824535098394662	-0.454226759969684	0.378737906031212	-0.560628959015887	-0.736378142565256	-0.861822299834685	0.0764005355221257	-0.501423256021883
4	0.0001	-8.64901428222656	0.9196875	-4.88703735351563	0.338075555041495	0.824295110696689	-0.454139284322462	0.3783278027847	-0.560879917741382	-0.73639784866234	-0.86172675061384	0.07714459382195	-0.501473547578095
5	0.0001	-8.76217895507813	0.861608276367188	-4.95170288085937	0.338137379827844	0.824523312827867	-0.453678761864076	0.378415319392873	-0.560508487019625	-0.736635650798793	-0.861664063549102	0.0774050552763245	-0.501541123942712
6	0.0001	-8.66577941894531	0.825682983398437	-4.88524108886719	0.338367198958322	0.824382688966386	-0.453762956621242	0.378131954328562	-0.560677722372914	-0.736652371712998	-0.861698244041824	0.0776767260334351	-0.501440387731149
7	0.0001	-8.6747607421875	0.786165161132813	-4.95709167480469	0.338666885961091	0.8243757161143	-0.453552002569113	0.378084390258372	-0.560640781085104	-0.736704899147032	-0.861601377782309	0.0780166217245986	-0.50155405744377
8	0.0001	-8.71068603515625	0.728684692382813	-4.93733276367188	0.338720764234812	0.824058796659132	-0.454087374328872	0.377756810266692	-0.561117623431041	-0.736509881109707	-0.861723874668284	0.0779365916871188	-0.501356012732345
9	0.0001	-8.71367980957031	0.774788818359375	-4.87985229492188	0.339019721086779	0.823615647861426	-0.454667893425571	0.377066222189672	-0.561729417807483	-0.736397396283607	-0.861908749693291	0.0782133349721825	-0.500994991426738
10	0.0001	-8.57596618652344	0.815504150390625	-4.89122863769531	0.339665858830101	0.823255366268898	-0.454838109940969	0.376996049907215	-0.562211182077536	-0.736065598368336	-0.861685025226484	0.0785441828300636	-0.501327965152544
11	0.0001	-8.74840759277344	0.808917846679688	-5.00738708496094	0.33958567090727	0.822998042185979	-0.455363365536256	0.376951547027656	-0.562635030684104	-0.735764468726612	-0.861736098412917	0.0782051456436458	-0.501293179573531
12	0.0001	-8.6172802734375	0.838855590820313	-4.88763610839844	0.339834763286246	0.822855063951202	-0.455435920182022	0.377062939578141	-0.56283958297481	-0.735550911516961	-0.861589155722652	0.0782377630470399	-0.501540605708574
13	0.0001	-8.69691467285156	0.713117065429688	-5.02534973144531	0.340424211183673	0.822436642227929	-0.455751386131543	0.377105344926902	-0.563432281419433	-0.735075249945238	-0.861337863597982	0.0783711284551996	-0.501951243605514
14	0.0001	-8.6747607421875	0.82628173828125	-5.00439331054688	0.340706000403049	0.822118075312934	-0.456115436631029	0.376750586209823	-0.563872141084332	-0.734919862501706	-0.861381690703902	0.0785498488396256	-0.501848088735386
15	0.0001	-8.62805786132813	0.855620727539063	-5.04450988769531	0.341171510517051	0.821710746141328	-0.456501314442113	0.376558681967363	-0.564442074320375	-0.734580631225678	-0.861281347439103	0.0787184502691421	-0.501993870620656
16	0.0001	-8.5885400390625	1.08015380859375	-4.81758178710938	0.341560906769779	0.821618203655367	-0.456376680373499	0.376309598260041	-0.564510729719203	-0.734655512665127	-0.861235875485905	0.0791906778227153	-0.501997612864848
17	0.0001	-8.631650390625	1.06698120117188	-4.89661743164063	0.341221495415173	0.82236142070425	-0.455290659693257	0.377074467363305	-0.563433177349086	-0.735090403096785	-0.861035851245065	0.079150163610705	-0.502347006033763
18	0.0001	-8.62985412597656	0.707728271484375	-5.00798583984375	0.341084009528446	0.822756852703675	-0.45467885344839	0.377841797468682	-0.562885140809254	-0.735116245461751	-0.86075389893374	0.0789397212136527	-0.502863048836436
19	0.0001	-8.67715576171875	0.590971069335938	-4.97505432128906	0.341480927204996	0.822568689248266	-0.454721373836337	0.378095933144411	-0.563153730397684	-0.73477979101145	-0.860484887545896	0.0789849821647239	-0.503316134151852
20	0.0001	-8.68553833007813	0.763412475585938	-5.08762023925781	0.342108075307052	0.821990769117157	-0.455294674135213	0.377354415955157	-0.563925337296072	-0.734569165371549	-0.860561275894312	0.0794945874993816	-0.503105258359974
21	0.0001	-8.58434875488281	0.813707885742188	-4.97864685058594	0.34295683141352	0.821870339572553	-0.454873341401423	0.377664893108731	-0.564021469420212	-0.734335761451283	-0.860087112041548	0.0800557740825864	-0.503826589945458
22	0.0001	-8.73822875976563	0.727487182617188	-5.15527954101563	0.343790138233898	0.821409097970065	-0.455077394104697	0.377754212064794	-0.564648568563711	-0.733807705932732	-0.859715124980609	0.0803684502211937	-0.504411356026626
23	0.0001	-8.70649475097656	0.665216674804687	-5.36723876953125	0.344362937160087	0.820713510764365	-0.455898564111918	0.377216652106193	-0.565632167086415	-0.733326563633775	-0.859721911366852	0.0805579592961219	-0.504369557278957
24	0.0001	-8.63883544921875	0.890947265625	-5.27622802734375	0.344972143796403	0.819842001589232	-0.457004718175508	0.37589240358016	-0.566815614285582	-0.733092736516185	-0.860057626520017	0.0811119709550946	-0.503707978130717
25	0.0001	-8.38855590820313	0.9196875	-5.00978210449219	0.345872894192997	0.819581265153104	-0.456791517951678	0.376214492801386	-0.567127635340125	-0.732686086014818	-0.859554882755462	0.0815646678627186	-0.504492426591013
26	0.0001	-8.68194580078125	0.858015747070313	-5.15827331542969	0.345965750063724	0.819434811109009	-0.456983905762105	0.37629195380804	-0.567355687925247	-0.732469718744876	-0.859483603847202	0.0814500688864843	-0.504632362216509
27	0.0001	-8.65021179199219	0.877774658203125	-5.14090942382813	0.346080666380253	0.818987875288647	-0.457697533845211	0.375071385053506	-0.567938149164828	-0.732644330379532	-0.859970713729162	0.0818847901225651	-0.503731329852272
28	0.0001	-8.52387451171875	1.00471069335938	-4.88643859863281	0.346223825227859	0.818777233550921	-0.457966051867701	0.374190971951043	-0.56816933853284	-0.732915219695627	-0.860296564769919	0.0823859488617803	-0.503092810597827
29	0.0001	-8.66757568359375	0.97956298828125	-5.0151708984375	0.34605217772438	0.818517568827841	-0.458559570625643	0.37340823093675	-0.568535990929584	-0.733030094939084	-0.860705631073075	0.0824367426447422	-0.502384315142525
30	0.0001	-8.70709350585938	0.977766723632813	-4.89242614746094	0.345378177052471	0.818820388508633	-0.458527083364204	0.373062692853879	-0.568121793070499	-0.733526997075754	-0.861126089499398	0.0822848686025117	-0.50168820833516
31	0.0001	-8.68613708496094	0.834664306640625	-4.83374816894531	0.34483519424338	0.819234009959573	-0.458196819867497	0.373206877885704	-0.567556395953088	-0.73389124787774	-0.86128120559428	0.0820693264155305	-0.501457187157354
32	0.0001	-8.68314331054687	0.786165161132813	-4.87326599121094	0.344895801404359	0.819316572667753	-0.458003537023036	0.372937563218217	-0.56738911924137	-0.734157449943376	-0.861373589167037	0.0824010990125056	-0.501244051103879
33	0.0001	-8.68314331054687	0.871787109375	-4.88045104980469	0.345460905358258	0.81911006094188	-0.457947017604485	0.372575570083038	-0.567598429417456	-0.734179451837312	-0.861303783485451	0.0830104269753296	-0.501263465222653
34	0.0001	-8.68613708496094	0.901126098632813	-4.95110412597656	0.345568255174669	0.819095663113096	-0.457891772894921	0.372370357249895	-0.567585098021306	-0.73429386048484	-0.861349463375418	0.0832433250985483	-0.501146336681629
35	0.0001	-8.67056945800781	0.8861572265625	-4.8331494140625	0.345639088807611	0.819103402587271	-0.457824459982425	0.372071906713098	-0.567532796309098	-0.734485548767609	-0.861450008139256	0.0835232960528391	-0.500926883380545
36	0.0001	-8.72385864257813	0.871787109375	-4.89961120605469	0.34611580286428	0.818844575934298	-0.457927299328829	0.371713371290989	-0.567838765448444	-0.734430599891831	-0.861413385437621	0.083980336489959	-0.500913448084527
37	0.0001	-8.71607482910156	0.896336059570313	-4.91038879394531	0.346433367119229	0.818718573978516	-0.457912457538577	0.371464583275797	-0.567966785954719	-0.734457482380025	-0.861393049378838	0.0843423184104606	-0.500887599973264
38	0.0001	-8.69332214355469	0.837658081054688	-4.94751159667969	0.346574221379337	0.818593917311378	-0.458028719204504	0.371394190647939	-0.568137668021441	-0.734360909449925	-0.861366742002655	0.0844013549415609	-0.500922895319988
39	0.0001	-8.68553833007813	0.8669970703125	-4.85769836425781	0.346686944497265	0.818306431305711	-0.458456919457937	0.370903352625995	-0.568532524409633	-0.734303392133801	-0.861532858065174	0.0845301908913099	-0.500615402581594
40	0.0001	-8.82385070800781	0.850830688476563	-4.94511657714844	0.346547642772643	0.817684357561668	-0.459670558865463	0.369758428307638	-0.569437080795018	-0.734179893289862	-0.862080875547179	0.0844612480052847	-0.499682760960591
41	0.0001	-8.66577941894531	0.90292236328125	-4.63316528320312	0.345997055383346	0.817036438822242	-0.461234750753586	0.367815931911224	-0.570366125369275	-0.734434424073053	-0.863132364066098	0.0844626584231682	-0.497864019019008
42	0.0001	-8.86516479492188	0.783770141601563	-4.84392700195313	0.344978675686402	0.816232720776276	-0.463415427943239	0.365572284379653	-0.571582021866424	-0.734609350044316	-0.864492115762254	0.0840127241151525	-0.495575669269237
43	0.0001	-8.85498596191406	0.838855590820313	-4.55472839355469	0.343969014429777	0.815276593861101	-0.46584266937932	0.362921124087697	-0.572991744829106	-0.734825637854736	-0.866010147055524	0.0836931052114691	-0.492972503631725
44	0.0001	-8.82025817871094	0.923878784179687	-4.243974609375	0.343595116895259	0.814819016200776	-0.466917944057983	0.361275376554468	-0.573610676958578	-0.735153653037615	-0.866846294299723	0.0839092492918498	-0.491463874503627
45	0.0001	-8.86815856933594	0.914298706054688	-4.26852355957031	0.343879540991991	0.81466521420391	-0.46697692668186	0.360865877579652	-0.573769648406636	-0.73523071818715	-0.866904077557492	0.0843147634369112	-0.491292520786519
46	0.0001	-8.94240417480469	0.911903686523438	-4.38408325195313	0.343797263724156	0.814614489287535	-0.467125973692956	0.360545398430753	-0.57383092744433	-0.735340113402492	-0.867070041649574	0.0843877985919072	-0.490987008303294
47	0.0001	-8.92264526367187	0.858614501953125	-4.4882666015625	0.343859625909783	0.814582176597913	-0.46713642037224	0.360376837189755	-0.573855813870714	-0.735403317985369	-0.867115386143213	0.0845303641053703	-0.490882393917241
48	0.0001	-8.98012573242188	0.890348510742188	-4.41282348632812	0.343654711382674	0.814659992680116	-0.467151512542691	0.359992585123425	-0.573727278868906	-0.735691748042504	-0.867356200185739	0.0846528546956006	-0.490435639193606
49	0.0001	-8.88013366699219	0.841250610351563	-4.37390441894531	0.343388206068049	0.814739976858725	-0.467207994411067	0.359749246823279	-0.573618517236852	-0.735895560587968	-0.867562688999159	0.0846201323045474	-0.490075926633119
50	0.0001	-8.92923156738281	0.929866333007813	-4.29606628417969	0.343218105961972	0.814918390171547	-0.467021786536872	0.359494127150555	-0.573338639739575	-0.736238260840765	-0.867735734128852	0.084798711911138	-0.489738577379886
51	0.0001	-8.89270751953125	0.91250244140625	-4.33378784179687	0.343108503667316	0.81522425700341	-0.466568286003683	0.35948038888535	-0.572871673633003	-0.736608373259332	-0.867784768659841	0.0850144478436499	-0.489614275669966
52	0.0001	-8.90588012695313	0.853824462890625	-4.3445654296875	0.343095845993942	0.815498639527188	-0.466097853879427	0.359624156335377	-0.57245425191625	-0.736862670816669	-0.867730203831681	0.0851944739540821	-0.489679686086648
53	0.0001	-8.87833740234375	0.828078002929688	-4.38887329101563	0.343154601606234	0.815629210069615	-0.465826052381877	0.359701724911744	-0.572246244174764	-0.736986366986115	-0.867674817251247	0.0853418286017567	-0.489752165690898
54	0.0001	-8.88252868652344	0.817300415039063	-4.40863220214844	0.343248364858327	0.815798800857021	-0.465459854920197	0.359910642697845	-0.571983765888889	-0.737088122840403	-0.867551087426504	0.0854803373870882	-0.489947163095451
55	0.0001	-8.94420043945312	0.84065185546875	-4.43258239746094	0.343155356322822	0.815901037123871	-0.465349222678139	0.359692885753973	-0.571814877050498	-0.737325419554828	-0.867678183063822	0.0856343622847435	-0.4896951364177
56	0.0001	-8.82564697265625	0.832868041992188	-4.44276123046875	0.343293743142311	0.815986288663955	-0.465097605489176	0.35977221745186	-0.571665922986711	-0.737402213208995	-0.867590547129873	0.0858163691155487	-0.489818531011957
57	0.0001	-8.89570129394531	0.8382568359375	-4.40743469238281	0.343454882431642	0.815961650448126	-0.465021858337689	0.359844224951189	-0.571686827787302	-0.73735086946702	-0.8674969034545	0.0859113259847771	-0.489967719920805
58	0.0001	-8.84001708984375	0.87418212890625	-4.43198364257813	0.34360291552077	0.816004936002053	-0.464836509824596	0.35984360360435	-0.571594835069937	-0.737422487768313	-0.867438538105532	0.0861120719856201	-0.490035808556559
59	0.0001	-8.90408386230469	0.844843139648437	-4.54454956054688	0.343988466424867	0.815984546893025	-0.464587079241829	0.360036615592568	-0.571585549478013	-0.737335469823992	-0.867205610221312	0.0863665378471496	-0.490403151234756
60	0.0001	-8.82385070800781	0.884959716796875	-4.43138488769531	0.344254331388726	0.816009768549189	-0.46434579028177	0.360246612039905	-0.571524371186003	-0.737280320945984	-0.867012879854661	0.0865329461693248	-0.490714494786311
61	0.0001	-8.88851623535156	0.858015747070313	-4.56131469726563	0.344570526955623	0.816014931750715	-0.464102125736783	0.360440875322471	-0.571485400827601	-0.737215580436067	-0.866806510906728	0.0867413845911659	-0.491042161987046
62	0.0001	-8.85259094238281	0.9436376953125	-4.550537109375	0.344700508582742	0.816080544996639	-0.463890184699772	0.36042296066137	-0.571358654912292	-0.737322573155677	-0.866762279296285	0.0869587921650559	-0.491081785097251
63	0.0001	-8.86097351074219	0.94603271484375	-4.56670349121094	0.344760985456958	0.816164849207742	-0.463696885717869	0.360262694374491	-0.571198849176634	-0.737524688224958	-0.866804853440946	0.0872170488894919	-0.490960825763348
64	0.0001	-8.784931640625	0.977766723632813	-4.50443298339844	0.344824490986304	0.816392955530047	-0.463247895383187	0.360465569779456	-0.570846074861395	-0.737698672778331	-0.866695242527389	0.0873916527836251	-0.491123259074682
65	0.0001	-8.82444946289062	0.934656372070313	-4.60741882324219	0.344899548939161	0.816552800019799	-0.46291017046657	0.360577568884721	-0.570590647861895	-0.737841534063872	-0.866618784679139	0.0875661884083604	-0.491227080573622
66	0.0001	-8.74481506347656	0.931063842773438	-4.59185119628906	0.345311518705278	0.816878689108791	-0.462027231155651	0.361137261304281	-0.570060771754396	-0.737977367542139	-0.866221584553917	0.0879768366485472	-0.491853883451393
67	0.0001	-8.92444152832031	0.881965942382813	-4.84392700195313	0.345270462305435	0.817044902780208	-0.461763938284782	0.361218719826872	-0.569810125202964	-0.738131057240391	-0.866203985390293	0.0880570727259453	-0.491870519178483
68	0.0001	-8.78074035644531	0.9053173828125	-4.70800964355469	0.345513667391941	0.817097708572991	-0.461488505046592	0.361041942433928	-0.569668028739878	-0.738327199035196	-0.866180709464778	0.0884854320009191	-0.491834633667357
69	0.0001	-8.78253662109375	0.933458862304688	-4.61759765625	0.345598584090515	0.817197788151286	-0.461247649007861	0.36112359666894	-0.56950231566214	-0.738415100322542	-0.866112790924785	0.0886278031777144	-0.491928598376199
70	0.0001	-8.81067810058594	0.897533569335938	-4.61580139160156	0.345913698086524	0.817113721388137	-0.461160362341925	0.361010285264814	-0.569573574560632	-0.738415544998372	-0.866034229929235	0.0889444179330793	-0.492009759160754
71	0.0001	-8.83163452148438	0.911304931640625	-4.62418395996094	0.346002758754911	0.817091838967164	-0.461132321169585	0.360980321820807	-0.569590881057103	-0.738416843980918	-0.866011142071589	0.08903457143072	-0.49203409119492
72	0.0001	-8.7705615234375	0.937051391601563	-4.66789306640625	0.346243034959421	0.817068638613847	-0.46099305909721	0.360975796811862	-0.569587955425708	-0.738421312767991	-0.865916990743414	0.0892658995791559	-0.492157865236546
73	0.0001	-8.81906066894531	0.926273803710938	-4.665498046875	0.346507670914701	0.817064915437317	-0.460800779034367	0.361049372150608	-0.569557749105927	-0.738408641135138	-0.865780448420338	0.0894924264661565	-0.492356903819048
74	0.0001	-8.78313537597656	0.94124267578125	-4.59484497070313	0.346576317050246	0.817027600574886	-0.460815316974958	0.360921409509512	-0.569592931436282	-0.738444059232309	-0.865806325119859	0.0896091086701927	-0.492290173602702
75	0.0001	-8.8184619140625	0.935853881835938	-4.59304870605469	0.346741540169697	0.81701736232307	-0.460709164206009	0.360852525151875	-0.569574763335985	-0.738491735947175	-0.865768883370304	0.0898176966605682	-0.492318008968114
76	0.0001	-8.77116027832031	1.00171691894531	-4.64753540039063	0.346853071422913	0.817007944610362	-0.460641905701211	0.360596451551556	-0.569544678129954	-0.738640006188585	-0.865830899178886	0.0900937181905471	-0.492158486637875
77	0.0001	-8.78253662109375	0.9340576171875	-4.63136901855469	0.346813944156884	0.81699358433038	-0.460696832310951	0.360539911705797	-0.569568348422487	-0.738649354255764	-0.865870117399557	0.0900743006538459	-0.492093040142003
78	0.0001	-8.78792541503906	0.962199096679688	-4.56909851074219	0.346883197404358	0.816993349256125	-0.460645107029034	0.360523675968408	-0.569555478521247	-0.738667202434669	-0.865849136065144	0.090157773695302	-0.492114671004178
79	0.0001	-8.85618347167969	0.82628173828125	-4.68405944824219	0.347068905517202	0.81697647435139	-0.460535140005043	0.360540634643241	-0.569553267207297	-0.738660630184486	-0.86576765104394	0.090324504813844	-0.492227445634631
80	0.0001	-8.79091918945313	0.969384155273438	-4.59125244140625	0.34739011042842	0.816867193275449	-0.460486807332003	0.360268286271288	-0.569646210662329	-0.738721839791676	-0.865752200738572	0.0907258685730788	-0.4921808038597
81	0.0001	-8.80648681640625	0.968785400390625	-4.65531921386719	0.347510707628213	0.816833976425586	-0.460454735061444	0.360078754690873	-0.569659317798504	-0.738804136470292	-0.865782650844892	0.0909423806710014	-0.492087273655682
82	0.0001	-8.76996276855469	0.947230224609375	-4.59723999023438	0.34758041409854	0.816766482560493	-0.460521843891088	0.35978595688014	-0.569725064361436	-0.738896079479516	-0.86587638896492	0.0911365130127167	-0.491886384268719
83	0.0001	-8.79810424804688	0.931063842773438	-4.62298645019531	0.347710833616473	0.816726499932296	-0.460494300175451	0.359570455843102	-0.569744455169142	-0.738986023608567	-0.865913542722668	0.0913733008726205	-0.491777039335022
84	0.0001	-8.78672790527344	0.935255126953125	-4.62478271484375	0.348067902942712	0.816676561784522	-0.46031307647391	0.359468364961936	-0.569753203489679	-0.73902894510624	-0.865812467877805	0.0917642661664185	-0.491882191100962
85	0.0001	-8.83163452148438	0.892743530273438	-4.71639221191406	0.348091437095543	0.816525659220191	-0.460562915632374	0.359200932923945	-0.569963052775785	-0.738997163903269	-0.865913991807112	0.0918039558272983	-0.491696036680318
86	0.0001	-8.78433288574219	0.9436376953125	-4.6702880859375	0.348033595039309	0.816454567442331	-0.460732629652568	0.358997761538157	-0.570065402576759	-0.739016944322382	-0.866021491612424	0.0918007412146231	-0.491507273575721
87	0.0001	-8.75679016113281	0.917891235351563	-4.68106567382813	0.34812230630888	0.816373159854978	-0.460809856360066	0.359060830266207	-0.570187564494039	-0.738892049940246	-0.865959687294235	0.0917660349189975	-0.491622634564883
88	0.0001	-8.80049926757813	0.918489990234375	-4.70980590820313	0.348256220336959	0.816177732147615	-0.461054784752302	0.3588375475953	-0.570454394278726	-0.738794557697797	-0.865998394589971	0.0918460320017548	-0.491539507031862
89	0.0001	-8.79690673828125	0.9819580078125	-4.64993041992188	0.348266104619544	0.816089156307278	-0.461204086420323	0.358659768277092	-0.570575767269849	-0.73878715772802	-0.866068063718177	0.0918791748009206	-0.491410547551993
90	0.0001	-8.81067810058594	0.925675048828125	-4.64573913574219	0.348028964639258	0.815915627510055	-0.461689861873747	0.358155134559243	-0.570840351781242	-0.73882757959291	-0.866372171391127	0.0917768029686193	-0.490893347964589
91	0.0001	-8.88192993164063	0.871787109375	-4.75471252441406	0.347304913720303	0.815329889501859	-0.463267167183926	0.356449950906384	-0.571718209195527	-0.738973424267136	-0.867365395554013	0.0915175423574448	-0.489184842402423
92	0.0001	-8.93402160644531	0.921483764648438	-4.48467407226563	0.346423592961966	0.814737871565865	-0.46496547707937	0.354326334573482	-0.572585196322499	-0.739323367397546	-0.86858709572906	0.0913695440978539	-0.487040104657005
93	0.0001	-8.8519921875	0.90292236328125	-4.3254052734375	0.345784190944964	0.81419040277247	-0.466398200388617	0.352662954087442	-0.573386379461155	-0.739497735400689	-0.869518334543244	0.0912252590110441	-0.48540273795222
94	0.0001	-8.83043701171875	0.916693725585938	-4.26972106933594	0.345556077525373	0.814034581331926	-0.466839049010507	0.352150456553091	-0.573617505772801	-0.739562717435404	-0.869816677946985	0.0911628074751236	-0.484879664760779
95	0.0001	-8.966953125	0.839454345703125	-4.35175048828125	0.345394584037514	0.81387163017464	-0.467242496905437	0.351832530849563	-0.573869018135482	-0.739518911360764	-0.870009454864454	0.0910347165706174	-0.484557766241924
96	0.0001	-8.90109008789063	0.844843139648437	-4.33678161621094	0.345292217164133	0.813633750602367	-0.467732193297193	0.351480769527416	-0.574225443579918	-0.739409499937526	-0.870192250837878	0.0909134743928082	-0.484252193340965
97	0.0001	-8.85857849121094	0.907113647460938	-4.27451110839844	0.345419565423506	0.81348986771422	-0.467888404375378	0.351227558598195	-0.574405337233791	-0.739390093684306	-0.87024394620347	0.0910645028737094	-0.484130902145872
98	0.0001	-8.90528137207031	0.941841430664063	-4.32839904785156	0.345425772486401	0.813455332429018	-0.467943861852006	0.351050231679322	-0.57444032019256	-0.739447126828527	-0.870313030202391	0.0911522938815303	-0.483990174259837
99	0.0001	-8.85917724609375	0.890348510742188	-4.30085632324219	0.345543077855611	0.813433050281767	-0.467895986363819	0.351245397914551	-0.574476556348481	-0.739326285647846	-0.870187710663579	0.0911227683693325	-0.484221012859612
100	0.0001	-8.91665771484375	0.832269287109375	-4.40084838867188	0.345812510262976	0.813273516664865	-0.467974245912297	0.351217307092512	-0.574681038607657	-0.739180699872168	-0.870092012918348	0.0912572789227717	-0.484367627014139
101	0.0001	-8.91067016601563	0.929267578125	-4.33318908691406	0.345913569454331	0.813106203261325	-0.468190244115912	0.350933424501491	-0.574898707957847	-0.739146269121379	-0.870166382960765	0.0913771186148418	-0.484211408538284
102	0.0001	-8.87234985351563	0.923280029296875	-4.37989196777344	0.346045680925615	0.813083226078594	-0.468132517757903	0.350889345049115	-0.574908431611838	-0.739159632821368	-0.870131630412164	0.0915202859001344	-0.484246820356135
103	0.0001	-8.94719421386719	0.97477294921875	-4.40923095703125	0.345971648378314	0.813206696376682	-0.467972742247362	0.350822899903981	-0.574718733174797	-0.739338671138551	-0.870187859844846	0.0916146642523988	-0.484127918914584
104	0.0001	-8.86875732421875	0.974174194335938	-4.33139282226563	0.345879333082204	0.813391583378085	-0.467719594454093	0.350887777040678	-0.574448717837297	-0.739517706683577	-0.870198399717019	0.0916668024138324	-0.484099103970625
105	0.0001	-8.89630004882813	0.961001586914063	-4.33139282226563	0.345823195833857	0.813739054309563	-0.46715636430925	0.351202560107568	-0.573941445704777	-0.739762109516432	-0.870093718513787	0.091760385753816	-0.484269504108159
106	0.0001	-8.85797973632813	0.8813671875	-4.34516418457031	0.345800406028833	0.814105600047226	-0.466534190774952	0.351654158713999	-0.573411997360492	-0.739958129857495	-0.869920359486685	0.0918191333807756	-0.484569721398025
107	0.0001	-8.98072448730469	0.801134033203125	-4.47988403320312	0.34563444311593	0.81434105939344	-0.46624614820705	0.351587769067906	-0.573059151387144	-0.740262959800974	-0.870013144943106	0.0919339327855387	-0.484381336994718
108	0.0001	-8.87474487304688	0.871787109375	-4.3828857421875	0.345327832982115	0.814562526223139	-0.466086449750316	0.351368285295746	-0.57273565618942	-0.740617442555603	-0.870223543611757	0.0919878198581319	-0.483993001128678
109	0.0001	-8.9286328125	0.887354736328125	-4.43617492675781	0.345057330956703	0.814780709738428	-0.46590539103039	0.35115716273566	-0.572411956594021	-0.740967744917176	-0.870416041564307	0.0920703371686477	-0.483631024233531
110	0.0001	-8.88612121582031	0.892743530273438	-4.36073181152344	0.344710143101486	0.815106481102085	-0.465592463113751	0.351131930374963	-0.571949316513376	-0.741336864597353	-0.87056377406489	0.092061956340595	-0.483366642912642
111	0.0001	-8.9430029296875	0.85023193359375	-4.3445654296875	0.34455237375839	0.815329495706968	-0.465318681300978	0.351058703587451	-0.571612893149119	-0.741630964173687	-0.870655757675189	0.0921765361462235	-0.483179094964928
112	0.0001	-8.89330627441406	0.8095166015625	-4.33259033203125	0.344246261808762	0.815475782303653	-0.465288899187309	0.350875008931323	-0.571411897036255	-0.741872746522523	-0.870850870894746	0.0921286730701855	-0.482836481906856
113	0.0001	-8.86935607910156	0.823287963867188	-4.31822021484375	0.344169925996991	0.815649856929406	-0.465040184210209	0.350960182241838	-0.571156139872322	-0.742029389153101	-0.870846721599158	0.092173612152222	-0.482835388826057
114	0.0001	-8.92204650878906	0.808917846679688	-4.3924658203125	0.343942426970871	0.815800072855876	-0.464944994658222	0.350794510653401	-0.570937285038201	-0.74227611294494	-0.871003339961925	0.0922000958869075	-0.482547742812685
115	0.0001	-8.83941833496094	0.860410766601563	-4.30025756835937	0.34375441599312	0.815872656801766	-0.46495667472191	0.350653675634981	-0.570838260084889	-0.742418804036465	-0.871134261321931	0.0921709754016097	-0.482316918679627
116	0.0001	-8.90767639160156	0.871787109375	-4.37091064453125	0.343771420586887	0.815972828210944	-0.464768279908502	0.350690354604088	-0.570679275602542	-0.742523696312392	-0.87111278579489	0.0922686730108929	-0.482337025745978
117	0.0001	-8.88911499023438	0.877774658203125	-4.33139282226563	0.343754997146316	0.816178789185935	-0.464418653824237	0.350726914665254	-0.570356712434895	-0.742754233855217	-0.871104547839309	0.0924413579705488	-0.482318838601846
118	0.0001	-8.89270751953125	0.85502197265625	-4.3541455078125	0.343870867279636	0.816275954819401	-0.464162032290478	0.350896699731203	-0.570199611335261	-0.742794661633259	-0.870990432068057	0.0925525192352554	-0.482503573488432
119	0.0001	-8.90707763671875	0.830473022460938	-4.42060729980469	0.343975633025695	0.816347835428378	-0.463957945805409	0.351021611949089	-0.570080004502913	-0.74282744726526	-0.870898726505692	0.0926552753887259	-0.482649363527399
120	0.0001	-8.95437927246094	0.874780883789062	-4.37689819335938	0.343764406228291	0.816601478201269	-0.463668048079672	0.35105869188284	-0.569713651557423	-0.743090943345845	-0.870967179556165	0.0926735184861855	-0.482522321874719
121	0.0001	-8.89091125488281	0.915496215820313	-4.31283142089844	0.343587461176693	0.816959495879112	-0.463168261666428	0.351142749614564	-0.569178595763977	-0.74346115938714	-0.871003114756359	0.0928057553015606	-0.482432032381379
122	0.0001	-8.88192993164063	0.904718627929687	-4.26612854003906	0.343382543132107	0.81724653576981	-0.46281370857438	0.351158029172359	-0.568754284116426	-0.74377859800279	-0.871077762096996	0.0928798367325009	-0.482282975346044
123	0.0001	-8.86576354980469	0.737666015625	-4.36612060546875	0.343529976311832	0.817236074559625	-0.462722761287542	0.351341312325028	-0.56876537374668	-0.743683556279502	-0.870945714513206	0.0929039722787707	-0.48251675028532
124	0.0001	-9.02742736816406	0.779578857421875	-4.55472839355469	0.343515362494236	0.817112370321312	-0.46295201695029	0.350866399870706	-0.568915963739362	-0.743792575685105	-0.871142907433806	0.0930698687567592	-0.482128649177142
125	0.0001	-8.86755981445313	0.812510375976563	-4.41402099609375	0.34339980184524	0.817084279632212	-0.463087309338704	0.350431990933437	-0.568934503135692	-0.743983165718265	-0.87136329726646	0.0932030638962753	-0.481704466511646
126	0.0001	-8.96934814453125	0.836460571289063	-4.454736328125	0.343147916097685	0.817004287360592	-0.463415043036182	0.349952268327034	-0.569054946443927	-0.744116844198855	-0.871655274503963	0.0931689989326412	-0.481182522612065
127	0.0001	-8.83223327636719	0.858614501953125	-4.35175048828125	0.343049087068006	0.816872028283381	-0.463721266786421	0.349670911809646	-0.569254133120676	-0.744096758062578	-0.871807075731792	0.0931118753608983	-0.480918497638382
128	0.0001	-8.90528137207031	0.906514892578125	-4.3828857421875	0.343065012228171	0.816771610025585	-0.463886337846998	0.349445645400453	-0.569388442754528	-0.744099820029702	-0.871891127547211	0.0931715531360727	-0.480754535486318
129	0.0001	-8.86037475585938	0.929267578125	-4.29846130371094	0.342968199402526	0.816740244299618	-0.464013132939134	0.349126689841805	-0.569421257093065	-0.744224419386154	-0.872056975569082	0.0932459399220936	-0.480439201199644
130	0.0001	-8.87773864746094	0.892743530273438	-4.30444885253906	0.343045956196911	0.816771746645316	-0.46390018950083	0.349092020708014	-0.569353665387041	-0.7442923919995	-0.872040270294293	0.0933826407438794	-0.480442972050541
131	0.0001	-8.90168884277344	0.896934814453125	-4.36791687011719	0.343159445927399	0.81678506228666	-0.463792795002443	0.349025384554924	-0.56930563502835	-0.744360379696055	-0.872022290774203	0.0935588368372756	-0.480441326742994
132	0.0001	-8.93282409667969	0.880768432617188	-4.38707702636719	0.342996123956469	0.816955517803078	-0.463613352786505	0.349090190730534	-0.569067059617416	-0.744512404459528	-0.872060604365636	0.0935219952176655	-0.480378953248317
133	0.0001	-8.87773864746094	0.891546020507813	-4.38168823242188	0.342995564554179	0.817113313105702	-0.463335597857086	0.348921158820323	-0.568795476197389	-0.74479912136419	-0.872128469678432	0.0937952013847652	-0.480202449570541
134	0.0001	-8.938212890625	0.877175903320313	-4.39545959472656	0.343035017299048	0.81737483351114	-0.46284485354088	0.349063492927303	-0.5683832892854	-0.745047055135781	-0.872055992933959	0.094014988186702	-0.480291085888778
135	0.0001	-8.83582580566406	0.863404541015625	-4.32899780273438	0.342947650421729	0.817557987142461	-0.462586042515101	0.349177662741519	-0.568115832026561	-0.745197531694207	-0.872044648462787	0.0940390294523283	-0.48030697686696
136	0.0001	-8.96815063476562	0.82149169921875	-4.38468200683594	0.3429318629472	0.817704922571626	-0.462337968349663	0.349226930120002	-0.567887101602018	-0.745348771457375	-0.872031128260066	0.094142973376613	-0.480311161549768
137	0.0001	-8.86815856933594	0.92208251953125	-4.41342224121094	0.342970592716346	0.817818563153824	-0.462108180292033	0.349104401288575	-0.567683830433729	-0.745560987220385	-0.872064957175063	0.0943814940817557	-0.480202919651839
138	0.0001	-8.87773864746094	0.918489990234375	-4.35175048828125	0.342790129193707	0.818008315945488	-0.461906183517162	0.349181545970936	-0.567417444962429	-0.745727625279939	-0.872105025372925	0.0943389537589689	-0.480138507644361
139	0.0001	-8.94000915527344	0.861009521484375	-4.38468200683594	0.34272323557617	0.818136092026706	-0.461729486517235	0.349188350307533	-0.567223522068516	-0.745871954172894	-0.872128591324527	0.0943970917743575	-0.48008427308009
140	0.0001	-8.88432495117187	0.879570922851563	-4.39545959472656	0.342815343586837	0.818190115262775	-0.46156535343083	0.349115707883814	-0.567112234178889	-0.745990573903862	-0.872121472451071	0.0945972998077466	-0.480057796685837
141	0.0001	-8.87055358886719	0.902323608398438	-4.37749694824219	0.342935469011459	0.818408365069475	-0.461088941613438	0.349404021100085	-0.566769493998631	-0.746116057132956	-0.871958768596877	0.0947633297053531	-0.480320535903028
142	0.0001	-8.91067016601563	0.838855590820313	-4.41282348632812	0.343031155750443	0.818398904278645	-0.46103455365084	0.349404493408865	-0.566768018514728	-0.746116956766554	-0.871920940320973	0.0948538173422799	-0.480371342989345
143	0.0001	-8.8903125	0.886755981445313	-4.34276916503906	0.343129864810536	0.818402003843227	-0.460955590030639	0.349410531742966	-0.566746269269182	-0.746130649803747	-0.871879679876875	0.0949569711756586	-0.480425850098581
144	0.0001	-8.88013366699219	0.896934814453125	-4.44515625	0.34334886516234	0.818477089001837	-0.460659105598504	0.349592024865576	-0.566605816475799	-0.746152306761951	-0.871720696635178	0.0951477982660314	-0.48067652693158
145	0.0001	-8.86037475585938	0.874780883789062	-4.52479064941406	0.343523776085851	0.818533162744139	-0.460429013803208	0.349703650620594	-0.56649620070404	-0.746183229060074	-0.871607005482602	0.095317973520029	-0.480848949169786
146	0.0001	-8.91665771484375	0.90292236328125	-4.44216247558594	0.343470156335928	0.818603970424919	-0.460343123453726	0.349699665932436	-0.566390500422998	-0.74626533128461	-0.871629735239291	0.095338033518346	-0.480803768716031
147	0.0001	-8.84600463867188	0.86460205078125	-4.43677368164063	0.343499126371784	0.818688225346223	-0.460171641739551	0.349768735301522	-0.566256300109406	-0.746334800469589	-0.871590604577284	0.0954116987892956	-0.480860089575695
148	0.0001	-8.9142626953125	0.889151000976563	-4.51101928710938	0.343496857138642	0.818707598497128	-0.460138867407375	0.349716298540867	-0.566219538669896	-0.746387261790637	-0.871612539876952	0.0954636171089058	-0.480810022917299
149	0.0001	-8.85618347167969	0.919088745117188	-4.46790893554688	0.34345735133518	0.818682984998629	-0.460212144437278	0.349435366076775	-0.566235700842681	-0.746506567972438	-0.871740771530512	0.0955787694257114	-0.48055460260667
150	0.0001	-8.77894409179688	0.93884765625	-4.4020458984375	0.343531773178636	0.818801901195159	-0.459944961289863	0.349613697816455	-0.566049059884105	-0.7465646148214	-0.871639938917352	0.095665607213426	-0.480720197704071
151	0.0001	-8.88252868652344	0.87418212890625	-4.55652465820313	0.343303813225847	0.819100296079704	-0.459583721194229	0.349733857922747	-0.565618257846636	-0.746834797671486	-0.871681547611893	0.0956592460386246	-0.480646011322529
152	0.0001	-8.82564697265625	0.829275512695313	-4.49664916992188	0.343017771917081	0.819383027273335	-0.459293220900796	0.350028654211127	-0.565241919373278	-0.74698160205882	-0.871675828149542	0.0954621768010683	-0.48069556209748
153	0.0001	-8.89270751953125	0.837658081054688	-4.5170068359375	0.342706772227448	0.819513844406417	-0.45929198457589	0.349935778864411	-0.565074330634753	-0.74715189321064	-0.871835431110713	0.0953313153370999	-0.480432015352949
154	0.0001	-8.86217102050781	0.852626953125	-4.45533508300781	0.342404938011038	0.819636007792027	-0.459299110772496	0.34994248397761	-0.564929956027733	-0.747257922467259	-0.871951326814311	0.0951365309082242	-0.480260267098488
155	0.0001	-8.90707763671875	0.862805786132813	-4.44395874023438	0.34232000317006	0.819703975341297	-0.459241122112692	0.349865062586926	-0.564825993301895	-0.747372755237689	-0.87201574149249	0.0951682200117347	-0.480137018453172
156	0.0001	-8.91785522460938	0.850830688476563	-4.521796875	0.34215489770237	0.819790157150378	-0.459210326775911	0.349752227688411	-0.564702733548515	-0.747518696722583	-0.872125796663116	0.0951573484403263	-0.479939239729918
157	0.0001	-8.87115234375	0.837658081054688	-4.41940979003906	0.34183462640356	0.819873353766633	-0.459300306961569	0.349518244097072	-0.564598635048072	-0.747706746221507	-0.872345164046227	0.0950582194515964	-0.479560058470109
158	0.0001	-8.89390502929688	0.847238159179688	-4.48706909179687	0.341486886142171	0.819811264073539	-0.459669661704	0.348986732706849	-0.564703431522084	-0.747875855220491	-0.872694085569234	0.0949711836576171	-0.478942070909572
159	0.0001	-8.81307312011719	0.818497924804688	-4.44874877929688	0.34163943440421	0.819799002889357	-0.45957816715069	0.349023445148507	-0.564700349119402	-0.747861050223297	-0.872619694710496	0.0950952709972556	-0.479052980198766
160	0.0001	-8.92144775390625	0.829275512695313	-4.512216796875	0.341761292830374	0.819760581272217	-0.459556098985911	0.349015226283962	-0.564740354872856	-0.747834676516164	-0.872575263541699	0.0951888699918059	-0.479115318566227
161	0.0001	-8.84780090332031	0.828078002929688	-4.53736450195313	0.341993101691201	0.819609865898957	-0.459652462319878	0.348770332194045	-0.564917635958352	-0.747815030582083	-0.872582359308786	0.0954344398229517	-0.479053539720553
162	0.0001	-8.86276977539062	0.8813671875	-4.50862426757813	0.342212900444879	0.81954544679779	-0.45960373301586	0.348603768078086	-0.564965035999146	-0.747856885359922	-0.872562744821748	0.0957066807046084	-0.479034954484162
163	0.0001	-8.90288635253906	0.875379638671875	-4.53197570800781	0.342176048097966	0.819645612511614	-0.459452524205189	0.348509088060251	-0.564798194992425	-0.748027014534042	-0.872615016858793	0.0958335474860473	-0.47891435928438
164	0.0001	-8.87055358886719	0.834065551757812	-4.53437072753906	0.342044555993951	0.819860926482353	-0.45916618227217	0.3484595494428	-0.564465564913481	-0.748301121493898	-0.872686349221198	0.0959514838572246	-0.478760742572504
165	0.0001	-8.84480712890625	0.8669970703125	-4.52000061035156	0.341945477316556	0.819932971484653	-0.459111329434484	0.348344257240553	-0.564353216287097	-0.748439527092161	-0.87277120082544	0.0959967162915283	-0.478596971857285
166	0.0001	-8.86516479492188	0.9148974609375	-4.512216796875	0.341845616185064	0.820218618312295	-0.458675258618692	0.348380864191957	-0.563909200510482	-0.748757094820806	-0.872795708147055	0.0961656474709075	-0.478518359194903
167	0.0001	-8.842412109375	0.923878784179687	-4.45533508300781	0.341528194804543	0.820619695416811	-0.458194072034515	0.348353790063514	-0.563308103088659	-0.749222008448124	-0.872930769936503	0.0962667984752639	-0.478251580665854
168	0.0001	-8.82205444335938	0.93166259765625	-4.38887329101563	0.341450372470933	0.820961842815297	-0.457638826784586	0.348462196184592	-0.562774194192227	-0.749572747758015	-0.872917946298317	0.0964720632753376	-0.478233624955133
169	0.0001	-8.8855224609375	0.837059326171875	-4.53916076660156	0.341292403247286	0.821264905732804	-0.457212696780591	0.348479288438511	-0.562307983859845	-0.74991460634986	-0.872972898213387	0.0966110029922333	-0.478105253145951
170	0.0001	-8.79810424804688	0.837059326171875	-4.48886535644531	0.341563068580601	0.821426520261591	-0.456719982037942	0.348614177348489	-0.562008431422454	-0.750076448344906	-0.872813167598564	0.096979352549951	-0.47832225501805
171	0.0001	-8.92084899902344	0.828078002929688	-4.54694458007812	0.341641816929478	0.821453259995431	-0.456612976784502	0.348549441571203	-0.561942926664793	-0.750155606492287	-0.872808200984345	0.0971323263094565	-0.478300277524679
172	0.0001	-8.94420043945312	0.877175903320313	-4.45653259277344	0.341413572472724	0.821673929618518	-0.456386596994999	0.348526467645642	-0.561619433603583	-0.750408497519346	-0.872906681084447	0.0971368374204868	-0.478119609443163
