// Start Time: Unknown
// Update Rate: 100.0Hz
// Filter Profile: human (46.1)
// Option Flags: AHS Disabled ICC Disabled 
// Firmware Version: 4.0.2
PacketCounter	SampleTimeFine	Acc_X	Acc_Y	Acc_Z	Mat[1][1]	Mat[2][1]	Mat[3][1]	Mat[1][2]	Mat[2][2]	Mat[3][2]	Mat[1][3]	Mat[2][3]	Mat[3][3]
1	0.0001	-9.06275390625	3.18597473144531	-2.21239929199219	0.326458061253416	0.945141885187753	0.0114869972752211	0.216470028687415	-0.0629292555159667	-0.974259018680492	-0.920090137390207	0.320541301026788	-0.225138653752134
2	0.0001	-9.11304931640625	3.142265625	-2.14473999023437	0.325365313947073	0.94552700241141	0.0107749798615757	0.21629948730637	-0.0633282810525927	-0.974271040629827	-0.920517215629955	0.31932462562386	-0.225121831902322
3	0.0001	-8.99808837890625	3.12490173339844	-2.21479431152344	0.324674341512891	0.945760468134281	0.0111224492625275	0.216648184604952	-0.0629169793238382	-0.974220210127127	-0.920679171085427	0.318713963652662	-0.225324817324369
4	0.0001	-9.1441845703125	3.12609924316406	-2.05612426757813	0.324203511512023	0.94593134343752	0.0102944949250216	0.216462699033186	-0.0635869462266428	-0.97421794286332	-0.92088869199841	0.318073252210961	-0.225373962953577
5	0.0001	-8.94539794921875	3.13867309570313	-2.29861999511719	0.324188765583807	0.945941218344781	0.00984152963919988	0.216798335287437	-0.0641656127570607	-0.974105361835211	-0.920814924990817	0.317927642044385	-0.225880252209558
6	0.0001	-8.91126892089844	3.29854064941406	-2.08546325683594	0.323757433742601	0.946087012040141	0.0100244573600343	0.216771507099159	-0.0638590812889633	-0.974131475442042	-0.920972984297783	0.317555323346795	-0.225759559726156
7	0.0001	-9.04239624023437	3.0799951171875	-2.24712707519531	0.323037498746311	0.9463398977492	0.00935800896352357	0.217048975444891	-0.064458843047183	-0.974030184240377	-0.921160418527658	0.316679420678156	-0.22622472865913
8	0.0001	-8.87773864746094	3.20214111328125	-2.20581298828125	0.321729072109617	0.946772029668359	0.0106361645879502	0.217551862098151	-0.0629855758793041	-0.974014375935376	-0.921499642678776	0.315682658802807	-0.226236308920736
9	0.0001	-9.02383483886719	3.036884765625	-2.07767944335938	0.319385753813816	0.9475415649439	0.0125587803725551	0.218249676931133	-0.0606553952416041	-0.974006160939211	-0.922149564214091	0.31382464168983	-0.226173109559941
10	0.0001	-9.30045959472656	2.66865051269531	-2.270478515625	0.316632552088766	0.948464544517594	0.0126029659520416	0.219647246239	-0.0603879739191281	-0.973708570274272	-0.922766988018849	0.311076036362456	-0.2274484236561
11	0.0001	-9.05497009277344	2.60158996582031	-2.62314514160156	0.315160567932327	0.948978550883741	0.0106548760278171	0.219835052020581	-0.0620774615233065	-0.973559930704798	-0.923226064582062	0.309170015902929	-0.228183117129425
12	0.0001	-9.28908325195312	2.7973828125	-2.86743713378906	0.314459662085175	0.949236581769781	0.0080642886419271	0.220092052322301	-0.0646422818609534	-0.973334918668988	-0.923403817095119	0.307849455458072	-0.229246817531527
13	0.0001	-9.06275390625	2.93210266113281	-2.38903198242188	0.313475691615227	0.949558387988487	0.00847694326170523	0.220129169401797	-0.0639812574224385	-0.973370200631352	-0.923729473138554	0.306993919319831	-0.229082068167326
14	0.0001	-9.02503234863281	2.37166809082031	-1.99385375976563	0.312633031664764	0.949834350509483	0.0086772175452462	0.21938062823464	-0.0633138198950576	-0.973582816285123	-0.924193014184523	0.306277760868341	-0.22816924799368
15	0.0001	-8.83402954101563	2.47225891113281	-1.93757080078125	0.312455452084744	0.949899506073841	0.00790688454390109	0.219513507381396	-0.0641023916014807	-0.973501260126605	-0.924221515947144	0.305911444296618	-0.228544913985678
16	0.0001	-8.78193786621094	2.64350280761719	-2.078876953125	0.311295635909064	0.950275864570397	0.00841476553190063	0.221257936590098	-0.0638635991208747	-0.973121968821597	-0.924196923041764	0.304790455759877	-0.230136536685991
17	0.0001	-9.25016418457031	2.4572900390625	-2.59560241699219	0.309554342437987	0.950858007903499	0.00671996157541715	0.223516877194827	-0.0658938109763934	-0.972470159585414	-0.924238234811165	0.302534385617233	-0.232930527909815
18	0.0001	-9.43577819824219	2.46986389160156	-2.57644226074219	0.308279942341122	0.951282881064155	0.00493531604215625	0.225139104930521	-0.0679177127397446	-0.971956566790557	-0.924270447748514	0.300745847004547	-0.23510864494586
19	0.0001	-9.51900512695313	2.60638000488281	-2.44411743164063	0.306054398536275	0.952006635814024	0.00375106686998083	0.226333777265007	-0.0689342710296083	-0.971607476065603	-0.924718187560704	0.298213734834063	-0.236568894723644
20	0.0001	-9.40105041503906	2.37705688476563	-2.68421813964844	0.302927967619789	0.953007136825739	0.00347038801171445	0.227168581158613	-0.0686715458239608	-0.971431240247363	-0.925542587981842	0.295062054411196	-0.237295810916497
21	0.0001	-9.42799438476563	1.89146667480469	-2.50638793945313	0.300006976933636	0.953933248067509	0.00267806320188607	0.227260305256225	-0.0687450557071211	-0.971404586653096	-0.926471028929663	0.292036770882019	-0.237415157491711
22	0.0001	-9.52559143066406	1.96271850585938	-2.75726623535156	0.297427399334223	0.954743951568221	0.000963882347312539	0.226713371065534	-0.0696463038115922	-0.971468187716657	-0.927436245520619	0.289159781624766	-0.237167938780383
23	0.0001	-9.18010986328125	1.74058044433594	-2.57105346679687	0.295681833747618	0.95528615653239	-0.000782514677508561	0.226494326480274	-0.0709006557021686	-0.971428544512281	-0.928047721436723	0.287056538261328	-0.237330930511659
24	0.0001	-9.23399780273438	1.68369873046875	-2.88659729003906	0.294703010499517	0.955575624638798	-0.00503599033875618	0.226400880482368	-0.0749409111485556	-0.971147002854374	-0.928381805573187	0.285059792731972	-0.238428474910768
25	0.0001	-9.18968994140625	2.03277282714844	-2.81055541992187	0.294127805863612	0.95574983284375	-0.00557591579935085	0.227300294298364	-0.0756148788133167	-0.97088463079499	-0.928344445790319	0.284296758900259	-0.239482656677
26	0.0001	-9.12322814941406	1.70106262207031	-2.63571899414063	0.292760728464609	0.956163699685695	-0.00649116878813333	0.22813989368205	-0.0764418045244483	-0.970622913098485	-0.928570592243592	0.282679376545956	-0.240518243166657
27	0.0001	-9.17591857910156	1.86392395019531	-2.7255322265625	0.29066434093906	0.956808309046489	-0.00566574320469471	0.229470615061972	-0.0754559551610199	-0.970386333196124	-0.928901220652413	0.280756582416757	-0.241491746650108
28	0.0001	-9.49625244140625	1.26756408691406	-2.634521484375	0.288771967865534	0.957383342350553	-0.00528075418399881	0.229966427795384	-0.0747160608739379	-0.970326209238168	-0.929368706521851	0.278988612737449	-0.241741931200889
29	0.0001	-9.13759826660156	1.51065856933594	-2.59859619140625	0.287603882496444	0.957726977097572	-0.00656080121014785	0.231127780770362	-0.0760518128176115	-0.969946426728468	-0.929442820042815	0.277443974716882	-0.243230107437707
30	0.0001	-9.25974426269531	1.66872985839844	-2.68840942382813	0.28653476079153	0.958046499590235	-0.00668845879403063	0.232238341675327	-0.0762279674423497	-0.969667288112527	-0.929496198762553	0.276290067868005	-0.244337092729406
31	0.0001	-9.37710021972656	1.45976440429688	-2.93090515136719	0.284871419183224	0.958536381584653	-0.007501980480912	0.232614332818466	-0.0767197098419937	-0.969538373809505	-0.929913354404568	0.274448704315325	-0.244824553506554
32	0.0001	-9.87885681152344	3.01712585449219	-1.65974853515625	0.284143817102471	0.958748632506389	-0.00795932594926108	0.230344708546537	-0.0763207961078013	-0.970111566432481	-0.930700599788702	0.273817814885373	-0.242528756654445
33	0.0001	-9.12622192382813	1.07895629882813	-2.87581970214844	0.282663106235212	0.959178693681904	-0.00882054194123	0.232025185840713	-0.077292852481798	-0.969634017601904	-0.930734055200004	0.272033175443552	-0.244401452428281
34	0.0001	-9.23699157714844	1.36575988769531	-2.35550170898438	0.282508252585675	0.95924685330174	-0.00587891586087225	0.234624119632373	-0.0750390894570956	-0.969185564038272	-0.930129351062379	0.272423584669464	-0.246261610504189
35	0.0001	-9.09688293457031	1.62502075195313	-2.76445129394531	0.280948630767092	0.959714513169337	-0.00398999777419834	0.236750657539826	-0.0733345982140514	-0.96879882476149	-0.930062897348645	0.271238068708885	-0.247816296999447
36	0.0001	-9.52619018554688	1.04003723144531	-2.53213439941406	0.279621262263576	0.960101651778081	-0.00409486790085434	0.237290993911323	-0.073240367989892	-0.96867374936316	-0.930325176429565	0.269890101244388	-0.248303039352306
37	0.0001	-9.3932666015625	1.09991271972656	-3.22249877929688	0.278454367192669	0.960442793962671	-0.00357839580112196	0.237802519387124	-0.0725531856058086	-0.968600019116036	-0.930544532606832	0.268859953848891	-0.248598467517209
38	0.0001	-9.12322814941406	1.57532409667969	-2.91174499511719	0.277368414805242	0.960760953856764	-0.00226980454403503	0.238611514750008	-0.0711744275606193	-0.968503353577118	-0.930661757835323	0.268090638414807	-0.248990164659585
39	0.0001	-9.42320434570312	0.940643920898438	-2.40519836425781	0.27576905326811	0.961223304046603	0.00109042071855231	0.239061969111727	-0.0674865556962722	-0.968656254676899	-0.931021376867381	0.267386096418618	-0.248402639394148
40	0.0001	-9.28908325195312	1.19391723632812	-3.01413208007813	0.275063935020433	0.961425270121578	0.00113208777270057	0.240001072827894	-0.0675240224098355	-0.968421391460895	-0.930988354756672	0.26664950097318	-0.249316519585484
41	0.0001	-9.34177368164062	1.59448425292969	-2.50099914550781	0.274194628771455	0.961672513435894	0.00181175461188587	0.239916711782629	-0.066581060343109	-0.968507580667802	-0.931266490839381	0.265994246752588	-0.248977476359264
42	0.0001	-9.48846862792969	1.28792175292969	-2.60997253417969	0.273412067108037	0.961896989302055	0.000153399328175097	0.238927849456198	-0.0677589851688612	-0.96867032714083	-0.931750677120198	0.264882807861381	-0.248350103252492
43	0.0001	-9.9105908203125	2.39921081542969	-5.09241027832031	0.272301117758389	0.962189258185807	-0.00662817466412191	0.239071715195471	-0.0743269391276891	-0.968152994682867	-0.932039063699064	0.262044533527709	-0.250271544901168
44	0.0001	-9.14238830566406	1.0490185546875	-2.22197937011719	0.270848968862614	0.962602134676332	-0.00616168667072009	0.239557295409409	-0.0736014405323741	-0.968088389646157	-0.932337459443837	0.260729665109532	-0.250533238213382
45	0.0001	-9.10646301269531	1.42144409179688	-2.38484069824219	0.271285742784189	0.962496545220517	-0.0021086015745152	0.241494836668716	-0.0701872008911364	-0.967860527500434	-0.931710410816785	0.262057545721615	-0.251478732909927
46	0.0001	-9.29207702636719	1.53041748046875	-2.86085083007813	0.270491032597664	0.962719883334449	-0.00224221246886247	0.241776217837546	-0.0701847877097393	-0.967790450491381	-0.931868478795383	0.261236524641262	-0.251747127929861
47	0.0001	-9.94950988769531	1.4897021484375	-3.51708618164063	0.267893159973621	0.963443559229648	-0.0031245828931602	0.242312038295022	-0.0705149613799808	-0.967632428310922	-0.932479560599941	0.258464984863498	-0.252344448448647
48	0.0001	-9.41362426757813	0.952020263671875	-3.08059387207031	0.266535873479003	0.963804173347869	-0.00633589662284517	0.239779006961346	-0.0726740069407526	-0.968103567050451	-0.933522713151328	0.256515114861495	-0.250470237509726
49	0.0001	-9.39386535644531	1.30109436035156	-2.15731384277344	0.266395312988443	0.963784723634404	-0.0123508585428401	0.236164170364858	-0.0776896527858116	-0.96860249973139	-0.934483826427011	0.255114335816269	-0.248307579037283
50	0.0001	-9.27531188964844	1.24780517578125	-2.65607666015625	0.267033647460365	0.963529616498292	-0.0174272560854366	0.234095469078697	-0.0823985265867843	-0.96871553831512	-0.934822091352594	0.254600001859743	-0.247561096645214
51	0.0001	-9.47050598144531	1.56035522460938	-2.11779602050781	0.266910476036466	0.963445725259307	-0.0230463068962309	0.230308432208576	-0.0869885200879189	-0.969221864913572	-0.935797426709229	0.253387710539565	-0.245107821808899
52	0.0001	-8.78193786621094	0.616118774414062	-2.01780395507813	0.267989531781432	0.96289149077218	-0.03196228799846	0.227683652019545	-0.0955346323461129	-0.969037299914475	-0.936131275761371	0.252414561824433	-0.2448369325089
53	0.0001	-9.51241882324219	1.45736938476563	-2.60278747558594	0.269026019744162	0.962407971333828	-0.0373617105298936	0.228078511099827	-0.101348289147723	-0.968353611580664	-0.93573778029697	0.251990914518629	-0.246769904009717
54	0.0001	-9.71060668945313	1.76393188476563	-1.79925842285156	0.271758201329888	0.961230447010054	-0.0467280189051041	0.222344363204428	-0.10995447231189	-0.968748160343973	-0.936328181868495	0.252875545989456	-0.243605201256814
55	0.0001	-9.14059204101563	1.31606323242188	-1.85015258789063	0.272822674653729	0.960687499809842	-0.0514520738542194	0.220380616225416	-0.114465044181254	-0.968674422937186	-0.936482873408207	0.252937307192312	-0.242945562716034
56	0.0001	-9.61600341796875	1.81183227539063	-2.18545532226562	0.274191040266228	0.960186413296658	-0.0534913559205908	0.220663147248893	-0.116956665745935	-0.968312405055211	-0.936016585795325	0.253699014696733	-0.243946225750614
57	0.0001	-7.711962890625	3.71287902832031	-2.50279541015625	0.273143272315825	0.960882682894788	-0.0457954419294984	0.227739874813964	-0.110843688882972	-0.967392488111488	-0.934626825106322	0.253807301604445	-0.249107509810417
58	0.0001	-9.84412902832031	0.963396606445313	-1.97648986816406	0.269931817233297	0.962016673810951	-0.0407520963245518	0.229543563961761	-0.105395081961788	-0.967575128319244	-0.935118477140123	0.251824931267703	-0.249274221898602
59	0.0001	-9.52020263671875	1.29570556640625	-2.44531494140625	0.269224862791362	0.962295595132724	-0.0387964024508482	0.231167074067571	-0.103675595462972	-0.967374361233766	-0.934922326785498	0.251472778832132	-0.250363105078275
60	0.0001	-9.44655578613281	1.46754821777344	-2.54291198730469	0.269553291204838	0.962173560605147	-0.0395355848958038	0.234180375740136	-0.105317919743128	-0.966471772686191	-0.934077392306895	0.251257189058132	-0.253710957839345
61	0.0001	-9.11125305175781	2.0645068359375	-2.37765563964844	0.270730819010007	0.961725546239249	-0.0422941763011064	0.236877449130916	-0.109137586767253	-0.965390108322978	-0.933056213596695	0.25134231809514	-0.257358002407464
62	0.0001	-9.46631469726563	1.50766479492188	-2.93030639648437	0.271346640956024	0.961378714803653	-0.0460648148195635	0.239636112878157	-0.113835039031374	-0.964166021644288	-0.932172480738694	0.250584418133298	-0.261269813683606
63	0.0001	-9.3166259765625	1.74357421875	-1.86751647949219	0.273490462006741	0.960808055905281	-0.0452862771582612	0.242215051186451	-0.114356872261795	-0.963459586461853	-0.930878529223918	0.252527989486343	-0.263997686269977
64	0.0001	-8.80768432617188	1.32863708496094	-2.8740234375	0.276235474920781	0.959986191914326	-0.0460486018150628	0.249316326308611	-0.117848643699291	-0.961224774240768	-0.928189275865256	0.25404371378184	-0.271894206736116
65	0.0001	-8.90109008789063	1.57652160644531	-2.81295043945313	0.279754191838549	0.959048812445638	-0.0443053890105219	0.258154738504745	-0.119591672414882	-0.958673021877928	-0.924712778724458	0.256755150358516	-0.281039267057235
66	0.0001	-8.669970703125	2.07468566894531	-3.84340759277344	0.281938771620519	0.958561161912178	-0.0408782085063531	0.262978506929485	-0.118183578415924	-0.957535872271084	-0.922687831257274	0.259216397371739	-0.28540151608456
67	0.0001	-9.42559936523438	2.14294372558594	-4.23858581542969	0.282356715111005	0.95865162641564	-0.0355210445000098	0.265412905720482	-0.11364861757844	-0.957413171624205	-0.921862611731669	0.260904294508845	-0.286527964076996
68	0.0001	-8.75798767089844	2.64050903320313	-3.45661193847656	0.283464627473122	0.958480988109932	-0.0310161313405146	0.269693221763009	-0.110714031599076	-0.956560489118261	-0.920278963742306	0.262786222315567	-0.289879337405239
69	0.0001	-9.13699951171875	1.67292114257813	-3.45002563476563	0.283440855446823	0.958635629120913	-0.0260578595345863	0.27228340705082	-0.106500844473463	-0.95630503312031	-0.919523261102388	0.263960793881194	-0.291207265680715
70	0.0001	-8.92084899902344	2.91414001464844	-4.07811950683594	0.284600569368313	0.958321193957797	-0.0249600706436193	0.275975324211662	-0.106837673408545	-0.955208528001565	-0.918063252908807	0.264964527346495	-0.294879064883468
71	0.0001	-10.4386926269531	-1.00770446777344	0.47181884765625	0.283506672806923	0.958550867991824	-0.0283584193154157	0.272071903144632	-0.108755843893102	-0.956111419207175	-0.919565574602055	0.263348438178812	-0.291627766365916
72	0.0001	-9.28489196777344	1.89505920410156	-4.00327514648438	0.287135947852605	0.957081209772157	-0.0393510527413181	0.267994137362292	-0.119706224377267	-0.955954790868679	-0.919636933681019	0.263943133546609	-0.290864113398972
73	0.0001	-9.06514892578125	3.00634826660156	-3.8080810546875	0.291003637055669	0.955431429766486	-0.0496756100590751	0.26510224395768	-0.130416265890031	-0.955359826369051	-0.919259312418958	0.264844068473639	-0.291238623684008
74	0.0001	-8.30952026367187	2.39382202148438	-4.23439453125	0.293084952341186	0.954702541216669	-0.0514224513768013	0.25998581106269	-0.131339992754904	-0.956638481532714	-0.920059013736206	0.267007236039731	-0.28670289001889
75	0.0001	-8.62985412597656	2.91833129882813	-3.40152648925781	0.296063563080396	0.953585410591508	-0.0549657286239862	0.257303696532206	-0.135039946962258	-0.956848483551755	-0.919859323139687	0.269145086210869	-0.28534145896021
76	0.0001	-8.22210205078125	2.55129455566406	-3.5398388671875	0.298283786339581	0.952695207054204	-0.0582977294829765	0.25619356350158	-0.138750458070563	-0.956615475729706	-0.919451815391805	0.270407383111401	-0.285461392015731
77	0.0001	-8.51609069824219	2.75067993164062	-3.40272399902344	0.299964202497276	0.951991704412371	-0.0611005069553558	0.259340775505094	-0.143018419303005	-0.955137735565131	-0.918021698752589	0.270661276266293	-0.289790672985367
78	0.0001	-8.87474487304688	2.87043090820312	-3.55840026855469	0.301722507508862	0.951229919210211	-0.064227480581917	0.259861038923584	-0.146868165217472	-0.954411851610828	-0.917298080730643	0.271277317232734	-0.291501026143803
79	0.0001	-8.83402954101563	2.94707153320312	-3.61109069824219	0.303336216939342	0.950525990223732	-0.0669886662213995	0.260782931230634	-0.150427950856084	-0.953605628328608	-0.916503901940241	0.271793623012817	-0.293511199476067
80	0.0001	-8.89749755859375	2.87821472167969	-3.56438781738281	0.304156663423427	0.949986067526624	-0.0708180457258547	0.261628358801635	-0.154784055321344	-0.95267649183185	-0.91599089840778	0.271234894000717	-0.295621897549097
81	0.0001	-8.91486145019531	2.70697082519531	-4.08290954589844	0.304557350431845	0.949469853358233	-0.0758407401192107	0.260794382779345	-0.159704149909242	-0.952092891693089	-0.916095579188479	0.270188049450122	-0.296255477123484
82	0.0001	-8.51070190429687	2.91294250488281	-3.86436401367188	0.304135646327212	0.949624463382337	-0.0755968728118926	0.260861865971767	-0.159342795656202	-0.952134948604553	-0.916216456692881	0.269857836681232	-0.296182633634838
83	0.0001	-8.574169921875	2.87522094726563	-3.49014221191406	0.303083738843424	0.949988089725848	-0.0752520871984678	0.260852959681334	-0.158653855477149	-0.952252428491377	-0.916567499246062	0.268982496681978	-0.295892608566942
84	0.0001	-8.82864074707031	2.35310668945313	-3.43146423339844	0.30085862416857	0.950694953489308	-0.0752541937260517	0.260371347682164	-0.157796764265632	-0.952526609861095	-0.917437109326612	0.266981809487574	-0.295008243669854
85	0.0001	-8.78912292480469	2.63512023925781	-3.81646362304688	0.299768871590973	0.950721702991957	-0.0791635464412022	0.258866761374056	-0.160926787669629	-0.952413024305129	-0.91821926764841	0.265010966698375	-0.294351089770039
86	0.0001	-8.34664306640625	2.92851013183594	-3.19196228027344	0.299227139346575	0.950366411920046	-0.0852455404856056	0.258308019932772	-0.166683326374936	-0.951574293235687	-0.918553256984523	0.262717246869718	-0.295363441001624
87	0.0001	-9.19447998046875	2.54650451660156	-3.44343933105469	0.299246977021155	0.949732487517317	-0.0919752624234909	0.259079146017053	-0.173644755560778	-0.950118674148294	-0.91832959379668	0.260491268606852	-0.298018549987778
88	0.0001	-8.75619140625	2.58003479003906	-3.75119934082031	0.298389297451553	0.949773909717285	-0.0943045470097364	0.259622909051163	-0.175849177650277	-0.949564643305306	-0.918455100841724	0.258856305969284	-0.299054577958197
89	0.0001	-9.11664184570312	2.40100708007812	-3.70509521484375	0.296056002471008	0.950439349513856	-0.0949520210241168	0.258815076540125	-0.175512192828429	-0.949847475294895	-0.919437653980092	0.25663303190399	-0.297949471184881
90	0.0001	-8.85558471679687	2.08067321777344	-2.92132507324219	0.29272188311491	0.95159172571971	-0.0937394617407508	0.258635131533773	-0.173174229130932	-0.950325499553398	-0.920555141141567	0.253936751784164	-0.296806937606146
91	0.0001	-9.46811096191406	1.93816955566406	-4.53077819824219	0.290157346491773	0.952182615927226	-0.0956921114974347	0.257401571106383	-0.173962306675998	-0.95051646332293	-0.921712072975514	0.251168034952599	-0.295569742614549
92	0.0001	-8.85259094238281	1.59089172363281	-2.89857238769531	0.286592743114862	0.953101374756443	-0.0972747091040438	0.255794610654864	-0.173971130497264	-0.950948559551688	-0.923273370542997	0.247652609901211	-0.293657058582444
93	0.0001	-9.63875610351563	1.41186401367187	-3.48295715332031	0.280957999861705	0.954427727337349	-0.10064946896717	0.253024117570099	-0.174827684570147	-0.951532488481457	-0.925765304081754	0.241873921697863	-0.29061247007125
94	0.0001	-9.30644714355469	1.47712829589844	-2.82073425292969	0.27468519077944	0.955781992312997	-0.105018232401146	0.24884410541364	-0.176161450230737	-0.952388447354066	-0.928775891788406	0.235473834263601	-0.286229656412207
95	0.0001	-9.17112854003906	1.14721435546875	-2.92072631835938	0.267811834474013	0.95760119384643	-0.106192160066349	0.247953627687153	-0.175008477889517	-0.952833160203598	-0.931018700044443	0.22884926526141	-0.284310031403867
96	0.0001	-9.38967407226563	0.583187255859375	-2.81354919433594	0.258934396747536	0.959715473481771	-0.10908339993166	0.246477452960189	-0.174848431714584	-0.953245451659334	-0.933917471387728	0.219941437402349	-0.281822498658537
97	0.0001	-9.55672668457031	0.0796343994140625	-2.43333984375	0.249135996026416	0.961722828291425	-0.114107217243555	0.244067883018808	-0.17636794368872	-0.953585453390377	-0.937209754517442	0.209722554776911	-0.278665258069968
98	0.0001	-9.65432373046875	-0.0484991455078125	-2.35490295410156	0.23823952014918	0.963783991595574	-0.119843016413938	0.242577694183746	-0.178535220015528	-0.953562393081074	-0.940424368741892	0.198105004374221	-0.276326643518689
99	0.0001	-10.2937939453125	-0.383801879882813	-2.58662109375	0.224754552246495	0.966335764077695	-0.125222131865163	0.238470911704205	-0.179150715464981	-0.954482396600037	-0.9447841105329	0.184662427723573	-0.270707909510958
100	0.0001	-9.50463500976563	-0.956211547851563	-1.89925048828125	0.209711776394708	0.96921618050654	-0.128999869324319	0.235533215334698	-0.178124361706541	-0.955403483477392	-0.948970534482223	0.169975607694023	-0.265637379661773
101	0.0001	-9.92316467285156	-1.62981079101562	-1.72321655273438	0.193619684883664	0.972263285213126	-0.131207933647817	0.225894549420089	-0.174326073735932	-0.958426873870985	-0.954716224942179	0.155931152251221	-0.253381936194672
102	0.0001	-9.07532775878906	-1.97888488769531	-1.16218322753906	0.17800425261457	0.975185097259612	-0.131637806628225	0.224175684778574	-0.170443946145692	-0.959528073365413	-0.958154344771856	0.141290082118477	-0.248952534210376
103	0.0001	-9.28549072265625	-2.47106140136719	-0.892144775390625	0.161553782103758	0.978197455880846	-0.13049947431393	0.220753118481736	-0.164706526832234	-0.961321913148479	-0.961856764892029	0.126497024973329	-0.242549101223519
104	0.0001	-9.06035888671875	-3.46259948730469	-0.583187255859375	0.145288905782143	0.980827802983231	-0.129876690563459	0.219502426026142	-0.159952592692884	-0.962410438980928	-0.964733029819787	0.111319310929925	-0.238533419438076
105	0.0001	-9.01126098632812	-4.25475219726563	-0.611328735351563	0.13025440397608	0.982763524229568	-0.131185539175304	0.217698800438047	-0.157432351576521	-0.963235322735271	-0.967285388358923	0.0969067083383076	-0.234452697460197
106	0.0001	-8.59871887207031	-4.18110534667969	-0.55324951171875	0.116363567642066	0.984718005367039	-0.129576116748304	0.215345686226803	-0.152373091499338	-0.964576941674661	-0.969580195522329	0.0843379564187686	-0.229785451145167
107	0.0001	-8.53824462890625	-5.90791442871094	-0.599952392578125	0.106000867900746	0.985172316049559	-0.134904869051629	0.211658112493188	-0.15491458110743	-0.96498824654818	-0.971578437090959	0.0737358816985173	-0.22494079294346
108	0.0001	-7.67184631347656	-5.37622009277344	0.323926391601563	0.0962336805692275	0.984677427614662	-0.145428478195545	0.20787710160645	-0.162767099525995	-0.964517486590884	-0.97340956917004	0.0625878171696942	-0.220355566732795
109	0.0001	-7.72573425292969	-5.23910522460938	0.559237060546875	0.0861815248062205	0.983782268290949	-0.157306050037466	0.203157135944735	-0.171929242716449	-0.963933355379759	-0.975346052894462	0.0511153997858133	-0.214679512315286
110	0.0001	-7.520361328125	-5.01816467285156	0.525706787109375	0.0733959360582336	0.98364665281423	-0.164475830982844	0.194016407468767	-0.17585273672283	-0.965107998422977	-0.978248777256097	0.0389239950988109	-0.203750466017868
111	0.0001	-6.64917297363281	-5.13851440429687	1.54059631347656	0.0609596385734541	0.98362806667646	-0.169586995112608	0.191163751740869	-0.17826309530067	-0.965235043330991	-0.979663382231545	0.0264214931477027	-0.198900885404004
112	0.0001	-6.64558044433594	-5.66901123046875	1.93697204589844	0.0476184833923806	0.984093986096034	-0.171147616311265	0.187600503448489	-0.177104043131094	-0.966147094914896	-0.981090480610878	0.0138990804097995	-0.193049953168807
113	0.0001	-6.56774230957031	-6.7874853515625	2.17108520507813	0.0359577840620851	0.984834408277678	-0.169729861950397	0.184405546800019	-0.173461890668563	-0.967422124408509	-0.982192258203418	0.00348722784511002	-0.18784623277358
114	0.0001	-5.76720703125	-6.74736877441406	2.21539306640625	0.0264973331635497	0.985736440078857	-0.166197358691053	0.181964696965376	-0.168234283832259	-0.968806520829493	-0.982947984581849	-0.00457126285722503	-0.183826992474912
115	0.0001	-5.89953186035156	-7.59640319824219	2.289638671875	0.0165153139755044	0.985790026448095	-0.1671683826558	0.179141591655849	-0.167403174160279	-0.969476388273625	-0.983684672312881	-0.0139356031993172	-0.179360710358126
116	0.0001	-5.62470336914062	-6.94376037597656	2.25550964355469	0.00563677248531913	0.985182840398561	-0.171414695344865	0.175742588222905	-0.169725392787601	-0.969694711611757	-0.984420016802108	-0.0246589137497749	-0.174095285668561
117	0.0001	-5.3265234375	-7.35869750976563	2.52973937988281	-0.00465399304461456	0.984058439690778	-0.177784497699018	0.172858989485766	-0.174318394440897	-0.969398198426997	-0.984935586778496	-0.0352432210914281	-0.169292070884611
118	0.0001	-4.43018737792969	-6.8832861328125	2.79678405761719	-0.0147287279089409	0.982948950779666	-0.183287819386172	0.170931610963427	-0.178134140744556	-0.969046238460604	-0.985172801567132	-0.0456025006151209	-0.165393358361259
119	0.0001	-4.282294921875	-7.09165283203125	3.02610717773438	-0.0237663433634195	0.982220097226359	-0.186222559126906	0.168312279608226	-0.179684943307871	-0.969218395245122	-0.985447176390604	-0.0543783206166655	-0.16104924958129
120	0.0001	-4.34276916503906	-7.39522155761719	3.12550048828125	-0.0336470154087737	0.981831870936547	-0.186745965330773	0.165359828227986	-0.178807525966049	-0.969888651272048	-0.985659173123496	-0.0635141391435117	-0.156339209945445
121	0.0001	-3.86436401367188	-7.53293518066406	3.43146423339844	-0.0427592522551521	0.981309521807013	-0.187625341458639	0.16204970481302	-0.178498262180487	-0.970504128568529	-0.985855739708703	-0.0719026620469428	-0.15138846611935
122	0.0001	-3.48116088867188	-7.46886840820313	3.400927734375	-0.0525781644751866	0.981041737181256	-0.186527870648879	0.160467406767344	-0.176058865740639	-0.971212380048506	-0.985639765830186	-0.0809962079513882	-0.14816837149578
123	0.0001	-3.39254516601563	-7.51676879882813	3.3482373046875	-0.0621019242722357	0.980559866224358	-0.186133553535503	0.158355054478654	-0.174450910747646	-0.971849039954446	-0.985427332542967	-0.089828884493716	-0.144442873787067
124	0.0001	-2.85905456542969	-7.80536865234375	3.69731140136719	-0.0716541381711795	0.979940610814436	-0.185962586988825	0.157676600801415	-0.172968793901812	-0.972224195284125	-0.984887696157616	-0.0989858354148878	-0.14211977464294
125	0.0001	-2.97521301269531	-8.02511169433594	3.592529296875	-0.0801160308642992	0.978968841073355	-0.187620440800151	0.157106628773968	-0.173471190629034	-0.972226955611201	-0.98432663724692	-0.107367379726048	-0.139904671033291
126	0.0001	-2.85486328125	-7.98319885253906	3.52187622070313	-0.0871329908618269	0.978198178402065	-0.188510386117992	0.155646825440115	-0.173538355597495	-0.972449744134334	-0.983962350719725	-0.114073497830999	-0.137132525167132
127	0.0001	-2.32257019042969	-7.70837036132813	3.80628479003906	-0.093360226708441	0.97725725193655	-0.190399925436884	0.154098075004469	-0.174747699303408	-0.972479832627949	-0.983634917715341	-0.120131199634351	-0.134278976483834
128	0.0001	-2.14713500976563	-7.60059448242187	3.71347778320313	-0.0987226473268862	0.976490238332589	-0.191626337819035	0.154303604856547	-0.175216377386253	-0.972362904796307	-0.98307895737476	-0.125562874834888	-0.13337813925135
129	0.0001	-2.327958984375	-7.54371276855469	3.74461303710938	-0.103385877240676	0.976054445934057	-0.191387248685842	0.154252890072582	-0.174356473489379	-0.97252550920611	-0.982607452796605	-0.13006743914104	-0.132533222189231
130	0.0001	-2.36807556152344	-7.70537658691406	3.77634704589844	-0.107279479905811	0.975609149458331	-0.191514753176693	0.154108040592739	-0.17398117048432	-0.972615681624337	-0.982212718822051	-0.133855667829557	-0.13168460492441
131	0.0001	-2.07528442382812	-7.22936645507813	3.89190673828125	-0.108793838596547	0.975388274633897	-0.191785334137255	0.156452845650168	-0.173724965797156	-0.972287068383994	-0.981675306693305	-0.13578420366702	-0.133702065291154
132	0.0001	-2.59679992675781	-7.56586669921875	3.63923217773438	-0.109483023578172	0.975528412677552	-0.190677171174208	0.158878784215725	-0.172189240512676	-0.972166856757523	-0.981208947917983	-0.136730324034154	-0.136138969495148
133	0.0001	-2.59081237792969	-7.46168334960938	3.63444213867188	-0.108740416880163	0.975475260855277	-0.191372770257576	0.162798793064574	-0.172439837315263	-0.971473651461224	-0.980648802942953	-0.136793705871345	-0.14005501533518
134	0.0001	-3.00934204101563	-7.29223571777344	3.1949560546875	-0.106989109773988	0.975662479219698	-0.191405478063304	0.165342421095209	-0.172370721118561	-0.971056238478206	-0.980415837375215	-0.135539887649134	-0.142876606482364
135	0.0001	-3.23447387695313	-7.06231384277344	3.33686096191406	-0.10407219532516	0.976579451570544	-0.188312381245573	0.167465735323256	-0.169430464554139	-0.971209835809755	-0.980369423050741	-0.132611811129873	-0.145910595557732
136	0.0001	-3.31231201171875	-7.40779541015625	2.47465393066406	-0.0995247283830726	0.978267762737359	-0.181898358511333	0.171415621475102	-0.163216648796519	-0.971584793144653	-0.980158922397067	-0.127876932808366	-0.151446283879613
137	0.0001	-3.54522766113281	-7.11440551757813	2.81295043945313	-0.0932947373527938	0.98023202331845	-0.174474274445521	0.175653505155006	-0.156285215310377	-0.97196747764632	-0.980021396760822	-0.121326468408203	-0.157600602646563
138	0.0001	-5.09720031738281	-7.73172180175781	2.69379821777344	-0.0855124281839366	0.981521469236139	-0.171181862516501	0.179479025639367	-0.153825512388885	-0.971660944514001	-0.980038215572041	-0.113812640628483	-0.16300852386161
139	0.0001	-4.56251220703125	-6.15759521484375	1.67890869140625	-0.0768088958014841	0.982634385916681	-0.168908428267817	0.185111548751205	-0.152409334659286	-0.970827023329926	-0.979711237071765	-0.105835052430001	-0.170190580328207
140	0.0001	-5.63667846679688	-6.69228332519531	1.30408813476563	-0.0659329706348467	0.983748598053229	-0.167007602256814	0.195228164235846	-0.151418928548279	-0.968998592344897	-0.97853911892799	-0.096493543336312	-0.182071933097985
141	0.0001	-6.11149108886719	-5.72050415039063	0.36164794921875	-0.0525502269498123	0.985652278788893	-0.160399685055131	0.214141851034198	-0.145762709755524	-0.965865673932133	-0.975387995252746	-0.0851047458311754	-0.203409539977457
142	0.0001	-7.92332336425781	-7.22697143554688	0.116158447265625	-0.0392874452428534	0.98801947862333	-0.149244787202677	0.220446513948138	-0.137109702535124	-0.965714380113936	-0.974607526717501	-0.0708409438927241	-0.212418759844757
143	0.0001	-8.56099731445313	-6.6916845703125	0.59156982421875	-0.0257204687897922	0.990714757897053	-0.133501782648089	0.220010005377393	-0.124661646490456	-0.967499390918737	-0.975158476873925	-0.0542562658065657	-0.214760803224551
144	0.0001	-8.46759155273438	-7.18326232910156	-1.27474914550781	-0.0117538523311508	0.99288986329957	-0.11845491257157	0.216908821696374	-0.113110579761246	-0.969616707682147	-0.976121104180044	-0.0370906471099591	-0.214037085270979
145	0.0001	-8.58255249023438	-5.69715270996094	-1.69148254394531	-0.000291513845125935	0.993561414477684	-0.113294442409071	0.213819197207175	-0.110612384955559	-0.97059067129255	-0.976873208725348	-0.0245074673425738	-0.212410258977986
146	0.0001	-9.22501647949219	-5.11935424804688	-0.220940551757813	0.0119832093926994	0.99348580697291	-0.113324110568036	0.210223057697947	-0.113302391350889	-0.971065823786573	-0.977580006293488	-0.0121868559339842	-0.210211350401608
147	0.0001	-9.28608947753906	-3.26081909179688	-1.39929016113281	0.0251753956175808	0.993537141706405	-0.110680384465205	0.208064993562813	-0.113498479886265	-0.971507618867302	-0.977790958185442	0.00142937516919556	-0.209577668126689
148	0.0001	-8.89091125488281	-2.39382202148438	-1.00890197753906	0.0371923933120618	0.993738455919122	-0.105359418692398	0.208329435756758	-0.110826222505011	-0.97175943247418	-0.977351304330736	0.0141925907694384	-0.211146864268119
149	0.0001	-9.41063049316406	-2.14713500976563	-2.0549267578125	0.0459622795049542	0.994053823566596	-0.0987140553079407	0.207851236346025	-0.106172332737048	-0.972381252035744	-0.977080003076584	0.024175020450959	-0.211495238655764
150	0.0001	-9.71240295410156	-1.70345764160156	-1.86272644042969	0.0555176465869134	0.994313713084493	-0.0908737084616879	0.206489589682407	-0.100480355844857	-0.973275781801891	-0.976872479021823	0.0352695061125066	-0.21089386351513
151	0.0001	-9.46930847167969	-1.17595458984375	-2.09085205078125	0.0651872804352749	0.99422093094823	-0.0852957146279207	0.20748368819144	-0.0971138931061607	-0.973406087355243	-0.976064105273793	0.0457562261359042	-0.212615216214338
152	0.0001	-9.71060668945313	-1.17894836425781	-1.97708862304688	0.0733926002536006	0.993757400966615	-0.0840223437669598	0.209730220555005	-0.0977449175981259	-0.972861329105893	-0.975000902981102	0.0537787979394623	-0.215594712546997
153	0.0001	-10.1866168212891	-0.307161254882813	-2.40879089355469	0.0772202970501615	0.993286824516172	-0.0861296114356994	0.211077136963244	-0.100716523902551	-0.972266745324752	-0.974414423115178	0.0568987350963668	-0.2174374989958
154	0.0001	-9.72557556152344	-0.150287475585937	-2.12617858886719	0.0792639689860836	0.993149645252518	-0.0858545593161575	0.21293044224249	-0.10100589044025	-0.971832514820733	-0.973846933551157	0.0587502530306948	-0.219477920943858
155	0.0001	-9.6231884765625	-0.37122802734375	-2.34652038574219	0.0793146488394822	0.993439112289343	-0.082388813884115	0.211596129668066	-0.0975439056134296	-0.972477385026086	-0.974133596786891	0.0596985481518607	-0.217944531841465
156	0.0001	-9.38967407226563	-0.226928100585938	-1.77890075683594	0.0775724759896926	0.993833178663775	-0.0792346133699576	0.202072589458325	-0.093497469866908	-0.97489737496728	-0.976293592910676	0.0596140597136669	-0.208079274138535
157	0.0001	-8.78553039550781	-0.739462280273438	-1.79686340332031	0.0765780230442883	0.993951938332497	-0.0787105499390031	0.20315845043769	-0.0928408631627552	-0.974734434675903	-0.976146736101897	0.0586525226419662	-0.209039305359897
158	0.0001	-9.64773742675781	-0.047900390625	-1.79446838378906	0.0764678729338281	0.993950437037216	-0.0788364961328452	0.206323465211906	-0.0931305542014731	-0.974041748374821	-0.975491308065801	0.0582170815796758	-0.212196793803342
159	0.0001	-10.2213446044922	-0.44068359375	-1.07177124023438	0.0769621825066811	0.993923410202119	-0.0786961061044243	0.211689258619015	-0.0934201888376694	-0.972861925507862	-0.974302047749639	0.0582144567072885	-0.217592731452904
160	0.0001	-9.8722705078125	0.444276123046875	-2.52135681152344	0.0789450101007461	0.993646682207203	-0.0802119462350243	0.215259127886089	-0.0955563673559318	-0.971870613054772	-0.973360772397323	0.0594579817716299	-0.221435216624933
161	0.0001	-9.64773742675781	0.789158935546875	-2.375859375	0.0808221637275004	0.993359000014049	-0.0818881856038675	0.216015828009969	-0.0976612674799593	-0.971493406505353	-0.973039022804108	0.0608290549433092	-0.22247446184929
162	0.0001	-9.13400573730469	0.689765625	-2.14354248046875	0.0836146433977238	0.99289368256911	-0.0846801424409723	0.218426163925867	-0.101172689640998	-0.970594713453271	-0.972264677092664	0.0626595721750335	-0.225333476635719
163	0.0001	-9.72018676757813	1.31187194824219	-3.22669006347656	0.0854825268612335	0.99247438727996	-0.0876774098310809	0.2192205715814	-0.104578409349063	-0.970054481610979	-0.971923391321015	0.063702016383224	-0.226510429145699
164	0.0001	-9.43218566894531	1.26995910644531	-2.58063354492187	0.0866174219702254	0.991976368513481	-0.0920885797590519	0.220871914495352	-0.109256913444938	-0.969163827354098	-0.971448927941346	0.0636066912776686	-0.228563271822744
165	0.0001	-9.54535034179688	1.3076806640625	-2.62853393554688	0.0883277140074519	0.991730717725393	-0.0931042343725302	0.22372450075135	-0.11083322528232	-0.968330183324406	-0.970641830286423	0.0647006931446303	-0.231664105128151
166	0.0001	-9.32261352539063	1.33522338867188	-2.54231323242188	0.0899280615543587	0.991692297709463	-0.091974618285712	0.225890864962267	-0.110251504029469	-0.967893549408115	-0.969992917949237	0.0662645646101057	-0.233928934946831
167	0.0001	-9.46212341308594	1.20529357910156	-2.73391479492187	0.0916296715511558	0.991807732864408	-0.0890023837983641	0.227813899325425	-0.107886783720581	-0.967709289597126	-0.969383737518622	0.0683949042604236	-0.235833217561978
168	0.0001	-9.66031127929688	1.43581420898438	-3.29494812011719	0.0931391356239253	0.992140818182542	-0.0835565575601631	0.230610084828629	-0.103135786146646	-0.967564984066314	-0.968578386188006	0.0708491814489758	-0.238403656216614
169	0.0001	-9.57468933105469	1.149609375	-3.2620166015625	0.0953976477315874	0.992259668183431	-0.0794986773713052	0.231637822253122	-0.0997986188113321	-0.967669445102604	-0.968113220707739	0.0738984883462261	-0.239365422129078
170	0.0001	-9.1154443359375	1.81183227539063	-2.93569519042969	0.0974881815444281	0.992226390170068	-0.0773488533155867	0.230575265423684	-0.0981221313047591	-0.968094568894491	-0.968158613778733	0.0765430467011018	-0.238348611424012
171	0.0001	-9.47409851074219	1.66453857421875	-3.48175964355469	0.0999650984042517	0.99209558537753	-0.0758506992416373	0.226538445881738	-0.0969241148485723	-0.969167709170249	-0.968858767642898	0.0796998458921834	-0.234436820756141
