// Start Time: Unknown
// Update Rate: 100.0Hz
// Filter Profile: human (46.1)
// Option Flags: AHS Disabled ICC Disabled 
// Firmware Version: 4.0.2
PacketCounter	SampleTimeFine	Acc_X	Acc_Y	Acc_Z	Mat[1][1]	Mat[2][1]	Mat[3][1]	Mat[1][2]	Mat[2][2]	Mat[3][2]	Mat[1][3]	Mat[2][3]	Mat[3][3]
1	0.0001	-9.426796875	0.731079711914063	-2.58542358398438	0.139807043227421	0.965912467518255	-0.217869446588554	0.238152064721298	-0.246373078474373	-0.939459365950462	-0.961112680559876	0.0794569776410905	-0.264478740111855
2	0.0001	-9.37650146484375	0.719703369140625	-2.44351867675781	0.141966791195042	0.965638896592287	-0.217685441832508	0.237844665402111	-0.246746765265245	-0.939439167254004	-0.96087217950024	0.0815938430224294	-0.264701906761719
3	0.0001	-9.38967407226563	0.637673950195312	-2.42974731445313	0.14281422928851	0.965588357749819	-0.217355053520125	0.237758700509759	-0.246645169654525	-0.93948760535624	-0.960767868032981	0.0824941432108853	-0.264801472977894
4	0.0001	-9.32740356445313	0.625698852539063	-2.48243774414063	0.143090616072398	0.965514636816342	-0.217500716517048	0.237722548577437	-0.24685791447426	-0.939440876244624	-0.96073568971381	0.082720349097585	-0.264847651217268
5	0.0001	-9.474697265625	0.70892578125	-2.54830078125	0.143387157457299	0.965391812848018	-0.217850340285098	0.238071107350538	-0.247307719512486	-0.939234283719681	-0.960605158700079	0.082810262380642	-0.265292648830014
6	0.0001	-9.34835998535156	0.614322509765625	-2.50399291992188	0.143689309717814	0.9652944133429	-0.218082731645134	0.238130374586519	-0.247620140498171	-0.939136939279331	-0.960545317500482	0.0830118159580407	-0.26544628729603
7	0.0001	-9.42559936523438	0.674197998046875	-2.46567260742188	0.143898953051234	0.96528188409503	-0.217999943919046	0.238183665315138	-0.247600583923315	-0.939128581408254	-0.960500719878859	0.0832155939640052	-0.265543842017495
8	0.0001	-9.36572387695313	0.642463989257813	-2.45309875488281	0.144184664652898	0.965211699147069	-0.218121888650728	0.238098492875453	-0.247788687950287	-0.939100566400805	-0.960478989967698	0.0834694072909609	-0.265542779749566
9	0.0001	-9.36153259277344	0.693956909179688	-2.50758544921875	0.144332885758312	0.965158994300523	-0.218257036105326	0.23827406756352	-0.247975327104173	-0.939006765616901	-0.9604131854652	0.0835245644608918	-0.265763353975308
10	0.0001	-9.41362426757813	0.650247802734375	-2.48243774414063	0.143861314229088	0.965190076862243	-0.218430853578284	0.238164626324106	-0.248008043647074	-0.939025889448342	-0.960511079080392	0.0830669959310496	-0.265552897086084
11	0.0001	-9.38069274902344	0.561033325195313	-2.48004272460938	0.143939088772378	0.965143382284367	-0.218585887824602	0.23840854872588	-0.248200891504873	-0.93891303183554	-0.960438911445073	0.0830335419506972	-0.265824243238506
12	0.0001	-9.436376953125	0.64905029296875	-2.47345642089844	0.144080192624084	0.965074148982247	-0.218798503330346	0.238634846848113	-0.248465301162504	-0.938785600650119	-0.96036155064808	0.0830474628415522	-0.266099250191346
13	0.0001	-9.39985290527344	0.685574340820313	-2.54291198730469	0.144144252494136	0.965037193804091	-0.218919275185244	0.238541617250271	-0.248591984778339	-0.938775757006747	-0.960375099277638	0.0830977718034092	-0.266034638738598
14	0.0001	-9.30584838867188	0.65384033203125	-2.52135681152344	0.144311102039258	0.964971531961275	-0.219098718235696	0.238944399226414	-0.248846388537156	-0.938605907178483	-0.960249904923996	0.083098841245379	-0.266485839543365
15	0.0001	-9.51002380371094	0.66821044921875	-2.50339416503906	0.144476644209759	0.964891653648565	-0.219341277458724	0.238759792263171	-0.249111015318074	-0.938582688763034	-0.960270930975386	0.0832333993450724	-0.26636805431044
16	0.0001	-9.32381103515625	0.695753173828125	-2.51596801757813	0.144561174819627	0.964863210332605	-0.219410692723553	0.238862492171662	-0.24921025474104	-0.938530211962006	-0.960232667934346	0.0832660451718825	-0.266495758227259
17	0.0001	-9.38787780761719	0.669407958984375	-2.49321533203125	0.144535605195728	0.964831723049964	-0.219565946875064	0.238883608216746	-0.249356197852596	-0.938486072522041	-0.960231264100505	0.0831939468286937	-0.266523332290086
18	0.0001	-9.36931640625	0.721499633789063	-2.52375183105469	0.144618647293683	0.964732971754626	-0.219944856871974	0.238524773781316	-0.249716086710455	-0.938481650502869	-0.96030796057698	0.0832596495759164	-0.266226316514687
19	0.0001	-9.33219360351563	0.671204223632813	-2.45549377441406	0.144805429482197	0.96470373969818	-0.219950181188431	0.238636984016333	-0.249781391971684	-0.938435744249054	-0.960251934365177	0.0834023431147762	-0.266383692651972
20	0.0001	-9.44775329589844	0.664019165039063	-2.56985595703125	0.145203429395379	0.964645032041598	-0.219945280125048	0.238892304261662	-0.249906320076592	-0.938337518247208	-0.960128340929677	0.0837065907992942	-0.266733529201682
21	0.0001	-9.38787780761719	0.669407958984375	-2.52794311523437	0.145443559014493	0.964586391262215	-0.220043779582461	0.23898139897936	-0.250074820313347	-0.938269937271314	-0.960069821462515	0.0838789487117219	-0.266889977106579
22	0.0001	-9.31961975097656	0.681383056640625	-2.51237548828125	0.145431308900189	0.964580498574582	-0.220077704825338	0.239301742660126	-0.250132475355961	-0.938172916221805	-0.959991880357019	0.0837747368955006	-0.267202887534332
23	0.0001	-9.39206909179688	0.6945556640625	-2.53572692871094	0.145614211425586	0.964498533828377	-0.220315863418448	0.239194418891147	-0.250404257534614	-0.938127783289603	-0.959990901728882	0.0839064124572714	-0.267165084818954
24	0.0001	-9.35554504394531	0.671802978515625	-2.5626708984375	0.14560154907455	0.964522815077454	-0.220217910493575	0.239331061123142	-0.250317497968181	-0.938116087375449	-0.959958765827347	0.0838861693368722	-0.2672868842746
25	0.0001	-9.42380310058594	0.70174072265625	-2.52075805664062	0.145779223584471	0.964485140288075	-0.220265367533346	0.239170403684172	-0.250397709867745	-0.938135653780699	-0.959971841239449	0.0840797303544679	-0.267179084081934
26	0.0001	-9.34177368164062	0.689765625	-2.52255432128906	0.145840797929661	0.96441628694225	-0.220525933032293	0.239313518945681	-0.25068035664429	-0.938023666248633	-0.959926820809313	0.0840272829098695	-0.267357278594973
27	0.0001	-9.45134582519531	0.718505859375	-2.58482482910156	0.146295261779365	0.964201476265604	-0.221163309678929	0.239148478320462	-0.251408957619229	-0.937870748741968	-0.959898797633331	0.0843151777323827	-0.267367255111845
28	0.0001	-9.42739562988281	0.73048095703125	-2.57284973144531	0.146341285706263	0.964153471143492	-0.221342070514834	0.238915579504381	-0.251574843912862	-0.937885624039683	-0.959949776794559	0.0843693190216366	-0.267167071398968
29	0.0001	-9.33458862304687	0.714314575195312	-2.53632568359375	0.1466859326886	0.964038518149491	-0.221614468560627	0.238777211351904	-0.251920953004766	-0.937827956917567	-0.959931601985414	0.0846496837637561	-0.267143688954863
30	0.0001	-9.34656372070313	0.740659790039063	-2.50758544921875	0.147200438290354	0.963928156514209	-0.221753331533591	0.238753030737363	-0.2521932361343	-0.937760930067911	-0.95985885487443	0.085094539937814	-0.267263723673678
31	0.0001	-9.4220068359375	0.728684692382813	-2.55069580078125	0.147401006709855	0.963880239766639	-0.221828371964291	0.238560914988124	-0.252303507551725	-0.937780160761106	-0.959875842523891	0.0853101603825897	-0.267133942947254
32	0.0001	-9.36153259277344	0.67779052734375	-2.53752319335937	0.147778432797037	0.963667274043173	-0.222501505024693	0.238308569571603	-0.253038161536108	-0.937646369627251	-0.959880492805635	0.0855398956313826	-0.267043752569843
33	0.0001	-9.39266784667969	0.781973876953125	-2.54171447753906	0.148093937568036	0.963500721447283	-0.223012433344333	0.238305859199807	-0.25362048060337	-0.937489716898035	-0.959832539105982	0.0856913740646121	-0.267167522884579
34	0.0001	-9.41841430664063	0.768202514648438	-2.60518249511719	0.148298457300567	0.963429465064563	-0.223184303676767	0.238203552014578	-0.253833960458867	-0.937457939496704	-0.959826356884364	0.0858602723218228	-0.267135505440426
35	0.0001	-9.39206909179688	0.717308349609375	-2.47944396972656	0.148261740806345	0.963383139090981	-0.22340855741954	0.238072366581607	-0.254030500137295	-0.937438026362399	-0.959864576116499	0.0857987897071008	-0.267017908016469
36	0.0001	-9.3357861328125	0.75443115234375	-2.44950622558594	0.148516029421888	0.963340938007186	-0.223421633160694	0.238162311150113	-0.254120129081802	-0.937390886206542	-0.95980294985606	0.0860069599211769	-0.267172416788716
37	0.0001	-9.41422302246094	0.765208740234375	-2.5051904296875	0.148784390548081	0.963281694092117	-0.223498507727136	0.238278466702276	-0.25427807016716	-0.937318534617809	-0.959732555160681	0.0862034851910621	-0.267361892770203
38	0.0001	-9.40224792480469	0.714314575195312	-2.5435107421875	0.148733683070446	0.963240801747055	-0.22370840254669	0.23826158583968	-0.254467046681066	-0.937271539558616	-0.959744605732932	0.086102729359224	-0.267351102042672
39	0.0001	-9.36752014160156	0.7137158203125	-2.51776428222656	0.14918445180893	0.963081051455875	-0.224095710947611	0.238468080514997	-0.254984728476759	-0.937078311999123	-0.959623350025395	0.0863578402363065	-0.267703846658502
40	0.0001	-9.42919189453125	0.790955200195313	-2.54291198730469	0.149482793994541	0.962958981383899	-0.224421243360937	0.238351736627554	-0.255371977938802	-0.937002455989446	-0.959605827382377	0.086574552009855	-0.267696662284157
41	0.0001	-9.36153259277344	0.67060546875	-2.49321533203125	0.149647880004508	0.962840796801775	-0.224817953073769	0.238531448748803	-0.255819030551943	-0.936834762146058	-0.959535439662316	0.0865691840182582	-0.267950585762486
42	0.0001	-9.40584045410156	0.746048583984375	-2.54171447753906	0.150049975028847	0.962737500537885	-0.224992244426132	0.23863565456479	-0.256107334215102	-0.936729447456238	-0.959446730863302	0.0868650586789629	-0.268172392718609
43	0.0001	-9.40344543457031	0.789757690429688	-2.60997253417969	0.150422986961916	0.962647061643364	-0.225130095062506	0.238774919204018	-0.256355582003546	-0.936626047862613	-0.959353669379844	0.087134667526886	-0.268417746735213
44	0.0001	-9.35674255371094	0.725092163085937	-2.53153564453125	0.150601993877068	0.962551415459593	-0.22541919181158	0.238933757969512	-0.256700040654947	-0.936491189723809	-0.959286035936529	0.0871771858027215	-0.268645564885592
45	0.0001	-9.40344543457031	0.756826171875	-2.54410949707031	0.150829148283334	0.962493432714854	-0.225514877577734	0.23911679090355	-0.256871702494437	-0.936397398952815	-0.959204737444573	0.0873116283113877	-0.268892081001844
46	0.0001	-9.39147033691406	0.765807495117187	-2.59440490722656	0.150917258687562	0.962357854742395	-0.226033936491512	0.239154742385119	-0.257404169743346	-0.936241476646622	-0.959181416742912	0.0872379092731809	-0.268999176505626
47	0.0001	-9.42140808105469	0.74485107421875	-2.64649658203125	0.151170446488449	0.96225839242268	-0.226288051652318	0.239192220213349	-0.257723896955151	-0.936143939107475	-0.959132200428018	0.0873909557698614	-0.269124957875962
48	0.0001	-9.37710021972656	0.794547729492188	-2.67044677734375	0.15138828008633	0.962138039185763	-0.226653881952808	0.239481080153433	-0.258165613750233	-0.93594835761676	-0.959025756119745	0.0874122956381992	-0.269497105123992
49	0.0001	-9.378896484375	0.737666015625	-2.62075012207031	0.151699047428265	0.961925330440858	-0.227347878075876	0.239425639980028	-0.258920635602149	-0.935753956646475	-0.958990491052707	0.0875200726440826	-0.269587601634169
50	0.0001	-9.34416870117188	0.656834106445312	-2.62733642578125	0.151868700591034	0.961696170589036	-0.228202483017109	0.239616249109976	-0.259815760163748	-0.935457013407351	-0.958916029140851	0.0873856180668012	-0.269895911069113
51	0.0001	-9.44236450195313	0.725092163085937	-2.7734326171875	0.152783724374544	0.961057056410922	-0.230274766070923	0.240094767746689	-0.262125938537099	-0.934689517886399	-0.958650945895798	0.0875175791988088	-0.270793347895167
52	0.0001	-9.37710021972656	0.75922119140625	-2.94228149414063	0.153897026765643	0.960368501567022	-0.232396313117503	0.240888029378349	-0.264568140834494	-0.933796903056331	-0.958273793054423	0.0877270770816654	-0.27205752607086
53	0.0001	-9.39087158203125	0.56761962890625	-2.89557861328125	0.155080026100982	0.95978099962614	-0.234031233516312	0.241318720150656	-0.266524424826172	-0.933129147693891	-0.957974666058225	0.0882335748325201	-0.272945737213289
54	0.0001	-9.33937866210938	0.596958618164062	-2.84887573242188	0.156341205145924	0.958838247907837	-0.237037216323827	0.241510272640771	-0.269814385738569	-0.932133566318421	-0.957721366464433	0.0884839623748132	-0.273752392902696
55	0.0001	-9.11724060058594	0.89813232421875	-3.11651916503906	0.157089125570704	0.957631821305598	-0.241379993890037	0.242133294961473	-0.274301152452116	-0.930661240857564	-0.957441629603879	0.0877506272704861	-0.274964276434421
56	0.0001	-8.90348510742188	1.31965576171875	-2.62853393554688	0.156335321960513	0.95609334898656	-0.247880566263608	0.241803214903487	-0.280377672733868	-0.928934640270605	-0.957648407490892	0.0852869782323409	-0.275019379270181
57	0.0001	-9.47050598144531	1.30708190917969	-2.308798828125	0.155283202219541	0.955025740355232	-0.252612276755083	0.241721051865023	-0.284673620698366	-0.927648566410659	-0.957840310382536	0.0829865346753564	-0.275054857926312
58	0.0001	-9.47349975585938	1.04243225097656	-2.88120849609375	0.155950695018322	0.95311660387625	-0.259322425059435	0.243810376919129	-0.291554538151961	-0.924960783703584	-0.957202110752925	0.081022778885942	-0.277847851299493
59	0.0001	-9.877060546875	1.13284423828125	-3.10813659667969	0.157433606710156	0.950287011856419	-0.268643359447486	0.243755952304086	-0.301012823205307	-0.921940516509769	-0.956973194606077	0.0796610027740662	-0.279027649960484
60	0.0001	-9.40464294433594	1.41006774902344	-3.00694702148437	0.159416896173528	0.946461356485622	-0.280708307489813	0.240908335166726	-0.313044914883286	-0.918676251632158	-0.957365879516079	0.0788275455986893	-0.277915078384192
61	0.0001	-8.96874938964844	1.44479553222656	-3.12909301757813	0.162611649124823	0.941899663187421	-0.293908958788822	0.237441070079119	-0.326475288871298	-0.914896509992297	-0.957694726835534	0.0789867725877345	-0.276734349056248
62	0.0001	-8.87534362792969	1.25079895019531	-2.99616943359375	0.165269468048409	0.93757223376166	-0.306013577166387	0.235806605509937	-0.338845897135367	-0.910812111685176	-0.957643591180392	0.0783694103186978	-0.277086607033654
63	0.0001	-8.90887390136719	0.238903198242188	-2.88959106445313	0.166166680347007	0.933925477443286	-0.31649934743185	0.235673223318835	-0.349272193944041	-0.906899700269014	-0.95752115702629	0.0761060912138259	-0.278138628613838
64	0.0001	-9.48846862792969	-0.3400927734375	-2.63092895507812	0.167807799272613	0.929387845181411	-0.328753366115598	0.235856275650882	-0.361646956653212	-0.901988523197255	-0.957189824297865	0.0738221645071699	-0.2798891357093
65	0.0001	-9.82556762695313	-0.267044677734375	-2.988984375	0.169913750072153	0.9242320470466	-0.341942159945903	0.236189453323654	-0.375067987161577	-0.8964031164299	-0.95673604493355	0.071548083263037	-0.282023070166776
66	0.0001	-9.71000793457031	0.333506469726563	-3.08658142089844	0.173053320018154	0.919288038308637	-0.353499718604347	0.23797285355349	-0.38730757659408	-0.890708573038584	-0.955730856152664	0.0700167389663269	-0.285790459711687
67	0.0001	-9.8722705078125	-0.010777587890625	-2.60638000488281	0.174698023595476	0.914801590834507	-0.36416843624687	0.23995789788618	-0.398260486349074	-0.88532976469508	-0.954934975688858	0.0672802676841817	-0.289089186560938
68	0.0001	-9.48128356933594	0.005987548828125	-2.20042419433594	0.174683229811571	0.911559072387294	-0.372217445548988	0.240340310395045	-0.406069947837937	-0.881670988896713	-0.954841507487924	0.0645542795739452	-0.290018000418729
69	0.0001	-9.04179748535156	-0.0784368896484375	-2.48243774414063	0.175111439039524	0.908532219868145	-0.379348374688713	0.240826488951979	-0.41312351031214	-0.87825484197153	-0.954640553368947	0.0624353320551415	-0.291141277002411
70	0.0001	-8.89210876464844	-0.032332763671875	-2.46507385253906	0.176505077940768	0.905175567279555	-0.386656371809984	0.241326460745554	-0.420630369834505	-0.874546528960531	-0.954257563137515	0.061051489523386	-0.292686212216817
71	0.0001	-9.01185974121094	-0.17004638671875	-2.65727416992187	0.178840945384239	0.901693477010686	-0.393655674124547	0.24311322202676	-0.428198916800045	-0.870368685631001	-0.95336869968016	0.0599546592655507	-0.295793105569607
72	0.0001	-9.02143981933594	0.245489501953125	-2.59200988769531	0.180532169395123	0.899065498226741	-0.398860082875929	0.245816785483073	-0.433896947470904	-0.866779987626734	-0.952356153856455	0.058435168124459	-0.299337747933679
73	0.0001	-9.56331298828125	-0.009580078125	-3.13088928222656	0.182754743240632	0.896283874580026	-0.404074151599514	0.247711219073133	-0.439713955605734	-0.863302258302885	-0.951440936563249	0.0576788818665437	-0.302379382263858
74	0.0001	-9.225615234375	0.118553466796875	-3.18956726074219	0.185020096904854	0.893650825212973	-0.408846873948536	0.247595024490611	-0.444998555161589	-0.860623605155932	-0.951033263134793	0.0580042110563576	-0.303597173753178
75	0.0001	-8.90228759765625	0.4454736328125	-3.12310546875	0.187613340194568	0.892060365370346	-0.411132021516644	0.24640747418384	-0.447923871941223	-0.859446078361827	-0.950833629636319	0.0599375465005725	-0.303846835218197
76	0.0001	-8.93641662597656	0.388591918945313	-3.09316772460937	0.190789308999258	0.890698166427847	-0.412621152988619	0.24645204875834	-0.450342153158432	-0.858168592265788	-0.950189890092713	0.062038064208182	-0.305434856155775
77	0.0001	-9.51421508789062	0.168250122070313	-3.56498657226563	0.194091136530819	0.889209350989782	-0.414288982272647	0.248430381409308	-0.453107622951404	-0.85614007476356	-0.949005256209364	0.0632472302607718	-0.30885079172853
78	0.0001	-9.44715454101563	0.650846557617188	-4.14039001464844	0.196093399489128	0.888309721953707	-0.41527486868257	0.24899627187202	-0.454723843243467	-0.855118169015093	-0.948445167245125	0.0642811346229855	-0.310354153284517
79	0.0001	-9.03820495605469	0.6370751953125	-3.48834594726563	0.197349279900656	0.887562110749896	-0.41627726491352	0.247396753889347	-0.455974639317242	-0.854916355244491	-0.948603240500319	0.0657314830252532	-0.30956625179692
80	0.0001	-9.04898254394531	0.598156127929688	-2.85665954589844	0.199185314979731	0.887359431758213	-0.415834641613907	0.24751068078471	-0.456134410830661	-0.854798141173491	-0.948189682075224	0.0673397217540067	-0.310486213349608
81	0.0001	-9.34476745605469	0.869990844726563	-3.56558532714844	0.202236398932527	0.886905318373402	-0.415330465036913	0.248113428183348	-0.456658120231153	-0.854343659180576	-0.947385964484334	0.0697303195742253	-0.312406012794513
82	0.0001	-9.73096435546875	0.613723754882812	-3.47936462402344	0.204050658664039	0.886241518049394	-0.415859712384209	0.247325888463498	-0.45768598441433	-0.854021922766873	-0.947202847121203	0.0714108630125108	-0.312581597425848
83	0.0001	-9.12322814941406	0.673599243164062	-3.29315185546875	0.205311423549495	0.885428790677413	-0.416968914908071	0.246461679880718	-0.459090340562267	-0.853517837864444	-0.94715566815094	0.072470103090553	-0.31248075852377
84	0.0001	-9.25794799804688	0.88855224609375	-2.99976196289063	0.206920697806038	0.884172188178496	-0.418835727309781	0.245924318187457	-0.461360876057674	-0.852447870410461	-0.94694511696481	0.0733872175173979	-0.312904556952367
85	0.0001	-9.46391967773438	1.05261108398437	-3.2332763671875	0.208410401230689	0.88241800943166	-0.42178615587704	0.245176360952165	-0.464622352581304	-0.850890487378998	-0.946812366147125	0.073922433080098	-0.313180167313324
86	0.0001	-9.36931640625	1.13104797363281	-3.15603698730469	0.208815331761724	0.8804392249904	-0.425702863884595	0.243365518131209	-0.468387664861036	-0.849344582599285	-0.94719025639307	0.0737547727562786	-0.312075073803885
87	0.0001	-8.88731872558594	1.12506042480469	-3.20812866210938	0.209125470005633	0.877992558911105	-0.430575898410086	0.242455589629689	-0.473116756631352	-0.846980413971864	-0.947355173550154	0.0727296438280809	-0.311814967659344
88	0.0001	-8.9046826171875	1.37533996582031	-3.15483947753906	0.209558530797568	0.875344178826148	-0.435726738639186	0.242081564218183	-0.478194186798271	-0.844231506151019	-0.947355127940754	0.0714345036205639	-0.312114359260898
89	0.0001	-9.27471313476562	1.40587646484375	-3.17519714355469	0.209835704725843	0.872490118398574	-0.441282188989144	0.241762259097724	-0.483615678335765	-0.841229389491239	-0.947375314803048	0.0698345828703811	-0.312415018744532
90	0.0001	-9.77587097167969	1.70226013183594	-3.89011047363281	0.212135640180843	0.868884330787656	-0.447256626420169	0.242461558611671	-0.490159521367142	-0.837231172501797	-0.946684140968181	0.0691640320167946	-0.314651352951988
91	0.0001	-9.51062255859375	1.00650695800781	-3.67934875488281	0.212299686730564	0.866892483630656	-0.451028008929353	0.241379471800958	-0.493767578530749	-0.83542176712423	-0.946923858400027	0.0684908768855632	-0.314076752046775
92	0.0001	-8.43885131835938	0.496966552734375	-3.20872741699219	0.211783763349553	0.865174397340998	-0.454555716900735	0.241141600300208	-0.496985009583621	-0.833580607292314	-0.947099976869473	0.0669265450685207	-0.313882894371509
93	0.0001	-8.76517272949219	0.881965942382813	-3.06382873535156	0.214120708822111	0.862355877081589	-0.458796973961643	0.242487510718264	-0.501914177273235	-0.830230067991874	-0.946230484184047	0.0665169145028179	-0.316580749392391
94	0.0001	-9.57888061523438	0.92208251953125	-3.31829956054688	0.214898993708875	0.86050263444872	-0.461902195935164	0.243339990484279	-0.505213589747475	-0.827976375125269	-0.945835118577241	0.0655320138656122	-0.317964594923229
95	0.0001	-9.41961181640625	0.684376831054687	-3.16801208496094	0.214167158301394	0.859916161442865	-0.463332087810109	0.2436724709227	-0.506375352404996	-0.827168501208274	-0.945915511670853	0.0642510526457371	-0.317986866103591
96	0.0001	-9.20406005859375	0.358055419921875	-2.90336242675781	0.213810556617789	0.859431062352707	-0.464395623302039	0.244608156765539	-0.507345692404055	-0.826297281880327	-0.945754669839149	0.0630761243447026	-0.318699712919693
97	0.0001	-9.37111267089844	0.25147705078125	-2.83330810546875	0.213066527676026	0.859093017514182	-0.465362054794392	0.245625112697089	-0.508100424129512	-0.82553150334312	-0.945659007674872	0.0615885237506667	-0.319274012324195
98	0.0001	-9.359736328125	0.362246704101563	-2.76265502929688	0.212414935446815	0.858825436486859	-0.466153155993052	0.246346379386081	-0.508695515962705	-0.824949897510635	-0.945617976014889	0.0603965370082943	-0.31962306198851
99	0.0001	-9.23639282226562	0.299976196289063	-2.77942016601563	0.211657265773773	0.858520729083261	-0.467058197208353	0.247976030929485	-0.50942071013799	-0.82401360921223	-0.945361883053061	0.0585892295294305	-0.320715157505095
100	0.0001	-9.51002380371094	0.250878295898438	-2.77223510742188	0.2116158043907	0.858108597194419	-0.467833716990454	0.249713835973826	-0.510257804160996	-0.82297021417305	-0.944913621160852	0.0573289517942376	-0.322260205161698
101	0.0001	-9.44236450195313	0.324525146484375	-3.0129345703125	0.21166676936906	0.85806668481665	-0.467887532589435	0.25125107825792	-0.510418730119859	-0.822402344121819	-0.944494613229264	0.0565180002352744	-0.323628863407311
102	0.0001	-9.46751220703125	0.293389892578125	-2.88001098632813	0.211141592213807	0.858299228930768	-0.46769825919525	0.252228895045753	-0.510122828992896	-0.822286619035166	-0.944351530173705	0.0556518908675523	-0.324196012470001
103	0.0001	-9.36392761230469	0.235909423828125	-2.66445922851562	0.210254174316708	0.858818756718698	-0.467144009156223	0.252099172909847	-0.509292631957309	-0.822840824249847	-0.944584135585905	0.0552390997586578	-0.323588400066014
104	0.0001	-9.26333679199219	0.341889038085938	-2.70337829589844	0.209632768875485	0.859361657268607	-0.466424317794592	0.252378959988066	-0.508415519294334	-0.823297346221895	-0.944647533617137	0.0548744180581922	-0.32346535436401
105	0.0001	-9.31482971191406	0.37601806640625	-2.82971557617188	0.209244718762486	0.859724660444763	-0.465929346460539	0.252727588398448	-0.507834236703611	-0.823549120632137	-0.944640362112647	0.0545701040387265	-0.323537772157888
106	0.0001	-9.43937072753906	0.34248779296875	-2.80636413574219	0.209130531547566	0.860075788994042	-0.465332201723573	0.253198965800759	-0.507251983050355	-0.823763139141894	-0.944539413943144	0.054452390927837	-0.323852177127441
107	0.0001	-9.35434753417969	0.420924682617188	-2.85426452636719	0.208722690307196	0.860693720056236	-0.464371789417364	0.253855541652278	-0.506235972818281	-0.824185964329142	-0.94445338822165	0.0541429596576267	-0.324154804678502
108	0.0001	-9.25555297851563	0.24668701171875	-2.63033020019531	0.207947324687722	0.861118764525708	-0.463931442712108	0.254114595456554	-0.505574367274538	-0.824512177915464	-0.944554753590903	0.0535633506856055	-0.323955683592925
109	0.0001	-9.14298706054688	0.196990356445313	-2.56446716308594	0.208022810196955	0.861229736714221	-0.463691547299404	0.255170394339626	-0.505429190406812	-0.824275077469454	-0.944253451299132	0.0531476630141681	-0.324901132078377
110	0.0001	-9.45014831542969	0.31374755859375	-2.835703125	0.207812948313097	0.861496016402287	-0.463290829000973	0.255909032404494	-0.505017976946633	-0.82429813180337	-0.94409975407645	0.0527395172875214	-0.325413886718231
111	0.0001	-9.28010192871094	0.156275024414063	-2.58242980957031	0.207084818941698	0.861949827684414	-0.462772484401022	0.256257014373921	-0.504301304030921	-0.824628726965583	-0.944165356464666	0.0521793954307825	-0.325313833619828
112	0.0001	-9.22860900878906	0.245489501953125	-2.73870483398438	0.207645743827751	0.861891793370169	-0.462629205294449	0.257916414977998	-0.504441048362938	-0.824025698392591	-0.943590148292741	0.0517857629822474	-0.327041078149564
113	0.0001	-9.73515563964844	0.347876586914063	-2.97162048339844	0.208017441739093	0.861614808308721	-0.462978040554247	0.259052794662246	-0.504959972895069	-0.82335112518991	-0.943196900710559	0.0513356394421804	-0.328244205757024
114	0.0001	-9.45853088378906	0.40236328125	-2.83749938964844	0.208334047840072	0.861744227518023	-0.462594650693171	0.259720463208289	-0.504735416842171	-0.823278470492234	-0.942943373433125	0.0513716393015234	-0.328966182417025
115	0.0001	-9.21184387207031	0.384400634765625	-2.52075805664062	0.208324642678576	0.86227952111587	-0.461600336565116	0.260741065780864	-0.503838028107516	-0.823505517922126	-0.942663746978902	0.0511983290441684	-0.329793558510142
116	0.0001	-9.34476745605469	0.254470825195312	-2.57165222167969	0.208401074262694	0.862559440653964	-0.461042518196398	0.261721539508692	-0.50338408992612	-0.823472096531785	-0.942375099418143	0.0509477119012511	-0.330656169833063
117	0.0001	-9.35554504394531	0.276026000976562	-2.61715759277344	0.208435736487047	0.86246083197431	-0.461211293297643	0.262466668430435	-0.503596928718072	-0.823104720766898	-0.942160173069384	0.0505118470846891	-0.331334817950004
118	0.0001	-9.29626831054687	0.415535888671875	-2.53452941894531	0.208733934661636	0.86235410579082	-0.461275991946672	0.263265722491248	-0.503801628587219	-0.822724181238176	-0.941871171595051	0.0502922982034102	-0.332188772928265
119	0.0001	-9.3453662109375	0.432899780273438	-2.596201171875	0.208887932898902	0.862468390070962	-0.460992524470436	0.264250763101097	-0.503635579459516	-0.822510022615509	-0.941561132210602	0.0499947920375693	-0.333111325354465
120	0.0001	-9.32919982910156	0.402962036132813	-2.69439697265625	0.209238817512478	0.862472010681088	-0.460826592155555	0.265412727376202	-0.503657502602703	-0.822122377884664	-0.941156310818084	0.0497106715276472	-0.334295748916382
121	0.0001	-9.55433166503906	0.47660888671875	-2.70218078613281	0.209383121018413	0.862527036872584	-0.460658028581277	0.26650602426706	-0.503603312236082	-0.821801827044825	-0.940815203779124	0.0493032916613819	-0.335314684690961
122	0.0001	-9.33518737792969	0.5125341796875	-2.51896179199219	0.20952402251688	0.862541963708225	-0.460566004857833	0.267362754379327	-0.503608313924051	-0.821520434144686	-0.940540717650781	0.0489900703095353	-0.336129634891095
123	0.0001	-9.321416015625	0.552650756835938	-2.557880859375	0.209736073125903	0.862812270409374	-0.459962787256478	0.268484205919498	-0.503164502701062	-0.821426633603616	-0.940173925825165	0.0487900528039778	-0.337183214211328
124	0.0001	-9.44236450195313	0.528700561523437	-2.65428039550781	0.209721062046016	0.863173665212418	-0.459291083974044	0.26960018742531	-0.502577740257985	-0.821420327200036	-0.939857869613554	0.0484441810844018	-0.338112919369451
125	0.0001	-9.43996948242188	0.496966552734375	-2.6872119140625	0.209663413963253	0.863596380815447	-0.458522130205004	0.270642144099035	-0.501879912970331	-0.821504341311943	-0.939571222783431	0.0481439923495563	-0.338951432092999
126	0.0001	-9.32919982910156	0.59156982421875	-2.59260864257813	0.209671813507027	0.864248988591139	-0.457287017462631	0.271818983687932	-0.500768350200745	-0.82179407368518	-0.93922956231559	0.048007761418521	-0.339916289865678
127	0.0001	-9.35075500488281	0.573008422851563	-2.59200988769531	0.209634593090249	0.865031256058997	-0.45582262276118	0.273025886599719	-0.499424980798023	-0.822211380243141	-0.938887747617533	0.047912572419862	-0.340872678250675
128	0.0001	-9.45194458007813	0.56761962890625	-2.67463806152344	0.209356065199666	0.865832214384508	-0.454427787990713	0.274064028927229	-0.49805606743891	-0.82269621473267	-0.938647402389357	0.047694131937868	-0.341564523577033
129	0.0001	-9.38967407226563	0.587378540039063	-2.577041015625	0.208936760562089	0.866758193408567	-0.45285280637856	0.274974724760187	-0.49646085894957	-0.823356251129554	-0.938474469993126	0.0475063121087314	-0.342065519280953
130	0.0001	-9.34776123046875	0.614921264648438	-2.57404724121094	0.208712081670151	0.867827624423585	-0.450904071008712	0.276372592427792	-0.494602877241238	-0.824006179575997	-0.938113776212488	0.0473625180074517	-0.343073366451463
131	0.0001	-9.44595703125	0.485590209960938	-2.65188537597656	0.208432345271042	0.868790953227778	-0.449175062792207	0.277669405634214	-0.492929595887243	-0.824572686106678	-0.937792972152999	0.0471454461004345	-0.343979139327424
132	0.0001	-9.43458068847656	0.496966552734375	-2.70517456054688	0.208005115977355	0.86973885051494	-0.447535700958256	0.278932268993072	-0.491288364759447	-0.825125767362991	-0.937513019131801	0.0467982324125522	-0.344788724295672
133	0.0001	-9.45014831542969	0.44307861328125	-2.53752319335937	0.207453912774063	0.870603089432576	-0.44610888216352	0.28016299624168	-0.489803627014528	-0.825591365325666	-0.937268141788472	0.0462889580123321	-0.345522448987785
134	0.0001	-9.38787780761719	0.458047485351563	-2.46866638183594	0.206726908471812	0.871497752968792	-0.444697258687339	0.281275318308276	-0.488265504348868	-0.826124078194991	-0.937095609115881	0.0456997137112773	-0.346068426098716
135	0.0001	-9.42021057128906	0.400567016601563	-2.58242980957031	0.206243805043037	0.872196483294948	-0.4435502084424	0.282218122818882	-0.487054886021774	-0.826517071302767	-0.93691857919136	0.0452861185159719	-0.346601707202664
136	0.0001	-9.42021057128906	0.522713012695313	-2.5435107421875	0.205635915163761	0.873127743140692	-0.441997527767752	0.283119031403793	-0.485413897191764	-0.827174082324925	-0.936780382187704	0.0449587874741526	-0.347017611912009
137	0.0001	-9.45014831542969	0.473615112304688	-2.5818310546875	0.203437056671831	0.875064179685343	-0.439176553796217	0.285201040960914	-0.482068271033521	-0.82841447856587	-0.936628918092706	0.0432765929154623	-0.347639765127806
138	0.0001	-9.16454223632813	0.484392700195312	-2.54770202636719	0.2035423480701	0.875484096933645	-0.438289982270176	0.286676867990482	-0.481334222775822	-0.828331901681906	-0.936155374871756	0.0429530208608879	-0.3489529367947
139	0.0001	-9.51661010742188	0.544866943359375	-2.45309875488281	0.203244899146144	0.876184964404462	-0.437025650417255	0.287912246724773	-0.480089672888965	-0.828625635719328	-0.935840824690271	0.0425888968736973	-0.349840158795577
140	0.0001	-9.43218566894531	0.486787719726563	-2.68361938476563	0.203006619913557	0.876991300866406	-0.435516441108624	0.289681569112075	-0.478658533994409	-0.828836893695672	-0.935346406839754	0.042098290214358	-0.351219067211603
141	0.0001	-9.44895080566406	0.437091064453125	-2.57943603515625	0.2024576383605	0.877827931084237	-0.434084125576895	0.29082369560923	-0.477161277611745	-0.829300122525083	-0.935110946755346	0.041656194692928	-0.351898108409275
142	0.0001	-9.37590270996094	0.4550537109375	-2.46148132324219	0.202136159619036	0.878814268345025	-0.432234259086051	0.292013208366406	-0.475352505921548	-0.82992064756437	-0.934809744875408	0.0415388597256105	-0.352711304069873
143	0.0001	-9.41841430664063	0.472417602539063	-2.44651245117188	0.201776880321232	0.879708518720096	-0.430579856309054	0.293112004262584	-0.473711007245639	-0.830471694021833	-0.93454344121876	0.0413618629369724	-0.35343705630477
144	0.0001	-9.48188232421875	0.487386474609375	-2.45549377441406	0.200722872437087	0.880911416364423	-0.428608685165655	0.294233432809335	-0.471523273953117	-0.831319727383976	-0.934418008975555	0.0407538788259417	-0.353839096006647
145	0.0001	-9.38009399414063	0.44786865234375	-2.37526062011719	0.200221426973605	0.881971671495407	-0.426658353791709	0.295450361419682	-0.469556649493529	-0.83200098368535	-0.934141565351651	0.0405280593664372	-0.354594151511779
146	0.0001	-9.44236450195313	0.3592529296875	-2.37645812988281	0.199672355941114	0.883290990392737	-0.424179179786024	0.29688555640228	-0.467083748676309	-0.832881587095186	-0.933804003350079	0.0403707569102331	-0.355500049667874
147	0.0001	-9.42919189453125	0.307760009765625	-2.31957641601563	0.198974792699455	0.884529262287579	-0.421920627638895	0.298124718416287	-0.464757260133653	-0.833739972306876	-0.933558077539592	0.0401082698461412	-0.356175016741111
148	0.0001	-9.36752014160156	0.338296508789063	-2.47585144042969	0.19839849946976	0.885655127658798	-0.419824999565089	0.299522365613081	-0.462634749533798	-0.83441922378463	-0.933233297683753	0.0398005449143459	-0.357059559063792
149	0.0001	-9.36632263183594	0.4215234375	-2.45010498046875	0.19804730768042	0.88671333399165	-0.417751992505062	0.300816802490726	-0.460610474231519	-0.835073195814277	-0.932891480966459	0.0397171795275994	-0.357960934168213
150	0.0001	-9.40584045410156	0.402962036132813	-2.45788879394531	0.197789105914693	0.88768714961088	-0.415801628180046	0.302112819183428	-0.458735802977814	-0.835637066884507	-0.93252737979456	0.0396609062177294	-0.358914611643885
151	0.0001	-9.38248901367188	0.35206787109375	-2.481240234375	0.197440017269249	0.888807081717323	-0.41356911280928	0.303433726948419	-0.456564155779534	-0.836347502541565	-0.9321724158818	0.0396376480944294	-0.359838080145266
152	0.0001	-9.49265991210938	0.431103515625	-2.50219665527344	0.196891334879948	0.889927851558638	-0.411414901613226	0.30463199683609	-0.454388828236812	-0.837096254487639	-0.931897606367164	0.0394868559625151	-0.36056572140644
153	0.0001	-9.47110473632813	0.3879931640625	-2.42495727539062	0.196544624033793	0.89087303779451	-0.409530757445881	0.305916345133765	-0.452544913353693	-0.83762658218188	-0.931549998949823	0.0393488491379425	-0.361477893553818
154	0.0001	-9.51720886230469	0.468825073242188	-2.46507385253906	0.195950734440459	0.892068431601202	-0.407206609736159	0.306687193502837	-0.450175675563386	-0.838620788242459	-0.931421641907465	0.039443307057359	-0.361798217954125
155	0.0001	-9.24776916503906	0.401165771484375	-2.36328552246094	0.195085815965654	0.893204754780011	-0.405125647728449	0.307644890137664	-0.447944070928408	-0.839464550110527	-0.931287359508975	0.0391327913451842	-0.362177413238781
156	0.0001	-9.44835205078125	0.467627563476563	-2.56326965332031	0.194538339272998	0.894277102192524	-0.403017740362686	0.308693084510004	-0.445807023954521	-0.840217041584204	-0.931055000592663	0.0390456385138528	-0.362783715158829
157	0.0001	-9.35255126953125	0.545465698242187	-2.29921875	0.193968074170658	0.895277921433169	-0.401065866905712	0.309525104230639	-0.443799327688062	-0.840973463668525	-0.930897736624995	0.0389820489190694	-0.363193892856878
158	0.0001	-9.32740356445313	0.461041259765625	-2.40579711914063	0.193531704311425	0.89635040831081	-0.398875199714598	0.31090085366418	-0.441639406147453	-0.841602812571708	-0.930530031013078	0.0388661865735529	-0.364147334088869
159	0.0001	-9.40823547363281	0.503552856445313	-2.4908203125	0.192992150038346	0.897447297539909	-0.396664062100275	0.312093154395498	-0.439414996571359	-0.842325545004816	-0.930242921501177	0.0387660795864937	-0.364890802940344
160	0.0001	-9.42619812011719	0.4454736328125	-2.38184692382813	0.192388006975315	0.898547786622925	-0.394460048581741	0.313631329717171	-0.437188030108867	-0.84291281598358	-0.929850656714241	0.03845128716404	-0.365922470919077
161	0.0001	-9.39087158203125	0.461640014648438	-2.40280334472656	0.19192480354535	0.899600125925489	-0.39228112778838	0.315314191857405	-0.435042713435344	-0.843394805473762	-0.929377119471633	0.0381765755622157	-0.36715217401093
162	0.0001	-9.41661804199219	0.374820556640625	-2.50159790039063	0.191290588764835	0.900775489659798	-0.389886429461393	0.317063023377507	-0.432634579156808	-0.843977701201001	-0.928912778390263	0.037826421268241	-0.368361523502823
163	0.0001	-9.48846862792969	0.369431762695313	-2.50159790039063	0.190785351448255	0.901811650065149	-0.387732765548051	0.318796434075969	-0.430499610564742	-0.844416318485173	-0.928423278086678	0.0374944410597025	-0.369627357748866
164	0.0001	-9.48367858886719	0.340691528320313	-2.50878295898438	0.190399051181477	0.902754708385498	-0.38572287694277	0.320203291059813	-0.428530619886654	-0.844885412475576	-0.928018347719299	0.0373556462582863	-0.370656852073407
165	0.0001	-9.39087158203125	0.471220092773438	-2.42076599121094	0.190009474339479	0.903713842418535	-0.383663512315626	0.321214633338806	-0.426498550376114	-0.845529506200753	-0.927748650761752	0.0374202825777818	-0.371324875899189
166	0.0001	-9.50283874511719	0.686173095703125	-2.34472412109375	0.189130939494447	0.904703291796283	-0.381760974352955	0.322447071686782	-0.424439010572275	-0.846096573840745	-0.927500605760754	0.0369253316491303	-0.371993476012732
167	0.0001	-9.36033508300781	0.358055419921875	-2.40400085449219	0.188660085574743	0.905778990416882	-0.37943615092701	0.323922850471858	-0.422147162007243	-0.846679254825236	-0.927082174919309	0.0368265410893416	-0.373044832182779
168	0.0001	-9.33458862304687	0.50055908203125	-2.5339306640625	0.188359607124033	0.906784366776832	-0.377177372827719	0.325524023468949	-0.419986739444832	-0.847139450642624	-0.926582305328926	0.0367865581379866	-0.37428863273107
169	0.0001	-9.39446411132812	0.480201416015625	-2.42795104980469	0.18768657422423	0.907896546107562	-0.374830110079129	0.326950525984662	-0.41759658139928	-0.847771460219078	-0.926216553196025	0.0365644194483317	-0.375214525060106
170	0.0001	-9.41661804199219	0.47900390625	-2.42555603027344	0.187239647219894	0.908931744536707	-0.372537781013453	0.328403309230977	-0.415344608023665	-0.84831605140526	-0.925792947151312	0.0364957580977111	-0.376265170651976
171	0.0001	-9.35794006347656	0.413739624023438	-2.4764501953125	0.186623858942307	0.909939708518914	-0.370379888943765	0.329892781065299	-0.413155777764941	-0.848806842750722	-0.925387642166506	0.0362219568764604	-0.377287266635856
172	0.0001	-9.45793212890625	0.390986938476563	-2.59320739746094	0.185985867203101	0.91093458156096	-0.368249162004571	0.331245584219752	-0.410978538467464	-0.849336802366448	-0.925032767060511	0.0359837329289949	-0.37817925753387
