// Start Time: Unknown
// Update Rate: 100.0Hz
// Filter Profile: human (46.1)
// Option Flags: AHS Disabled ICC Disabled 
// Firmware Version: 4.0.2
PacketCounter	SampleTimeFine	Acc_X	Acc_Y	Acc_Z	Mat[1][1]	Mat[2][1]	Mat[3][1]	Mat[1][2]	Mat[2][2]	Mat[3][2]	Mat[1][3]	Mat[2][3]	Mat[3][3]
1	9.141516	0.041912841796875	-0.08861572265625	9.06395141601562	0.90793091445337	0.418799228481667	0.0163908756028626	-0.418988125195966	0.907931633584796	0.0104450792631296	-0.0105074033251637	-0.0163509926060749	0.999811101916837
2	9.141516	-0.123942260742188	0.157472534179688	9.09808044433594	0.907875752533038	0.418570396450381	0.0236736388825582	-0.418874310239193	0.90799381926771	0.0095674653527978	-0.0174908600191927	-0.0186023489647884	0.999673958062718
3	9.141516	-0.094603271484375	0.168848876953125	9.13041320800781	0.907938420984181	0.41825730543342	0.026620483698235	-0.41859960926843	0.908129476151852	0.00867304240052167	-0.0205472825714351	-0.0190179124968763	0.999607987254599
4	9.141516	-0.10298583984375	0.16046630859375	9.09089538574219	0.908036550908489	0.417969178275617	0.0277738766797083	-0.418325354243029	0.908259411179688	0.00829095898988925	-0.0217605195631683	-0.0191470106056439	0.999579847622594
5	9.141516	-0.075443115234375	0.141904907226563	9.08550659179688	0.908144605617789	0.417734208222704	0.0277760070539489	-0.418090125948165	0.908367816600159	0.00827987618911695	-0.0217720433574234	-0.0191321991838524	0.999579880290931
6	9.141516	-0.0329315185546875	0.15567626953125	9.1154443359375	0.908292373129048	0.417425617556089	0.027582942618932	-0.417767361145855	0.908520548067375	0.00780036541351598	-0.021803597795563	-0.018608265563265	0.999589083361706
7	9.141516	-0.0293389892578125	0.105979614257813	9.05137756347656	0.908351576404297	0.417301104112229	0.0275173063824213	-0.41763205513145	0.908586398094289	0.00736367603363278	-0.0219289801521014	-0.0181809159494532	0.999594204727462
8	9.141516	-0.070653076171875	0.119152221679688	9.06395141601562	0.908503381981273	0.416993087590663	0.0271729613806511	-0.417314245761863	0.908733697923373	0.00720323140811429	-0.0216892879734685	-0.0178838239791482	0.999604793719542
9	9.141516	-0.0526904296875	0.13172607421875	9.12083312988281	0.90865722690892	0.416678038371082	0.0268599390434754	-0.416984872818149	0.908887986587913	0.00680027036246035	-0.0215791526020754	-0.0173793030757309	0.999616076300086
10	9.141516	-0.058677978515625	0.126337280273438	9.07532775878906	0.908800903957691	0.416382894557051	0.0265744630420976	-0.416680421629259	0.909029080939644	0.00659971490976257	-0.0214089513182443	-0.0170708853408077	0.99962505054502
11	9.141516	-0.022752685546875	0.0736468505859375	9.10466674804688	0.908957418405411	0.416066516104951	0.026173759799834	-0.41635760994008	0.909176824994568	0.00662129426789063	-0.0210416769948366	-0.016916118617649	0.999635479942643
12	9.141516	-0.04071533203125	0.09340576171875	9.09987670898438	0.90909327282095	0.415772258703805	0.0261314026418315	-0.416064411610425	0.909310393468958	0.0067092265276578	-0.0209720457505798	-0.0169716593668543	0.999636001790337
13	9.141516	0.35685791015625	0.60593994140625	9.20825134277344	0.908966920749697	0.416139306318905	0.02464172719667	-0.416408795005915	0.909151943202998	0.00681612880855558	-0.0195666150505581	-0.0164566675433759	0.999673109405685
14	9.141516	-0.273630981445313	-0.289198608398438	9.00347717285156	0.908843897276747	0.416356939132012	0.0254886174485204	-0.416654687105397	0.909033769205157	0.00751519512521196	-0.0200410103517438	-0.0174500911541553	0.999646863758794
15	9.141516	-0.204774169921875	-0.496966552734375	9.40344543457031	0.908439616870349	0.417163796920035	0.0266801244321227	-0.417513103169926	0.908626632102541	0.00896951032169998	-0.0205005166245225	-0.0192875600647751	0.999603780927661
16	9.141516	-0.271834716796875	-0.315543823242187	9.22022644042969	0.907994525590521	0.418007013506997	0.0285670816956644	-0.41835054325136	0.908258206664529	0.00706066482896634	-0.0229948789720131	-0.0183620991582181	0.999566940657587
17	9.141516	-0.28021728515625	0.04550537109375	8.94420043945312	0.907791222791085	0.418372063135829	0.029663320969456	-0.418775973355116	0.908047450663989	0.00874708426313321	-0.0232761672949522	-0.0203628124310155	0.999521673554884
18	9.141516	-0.068258056640625	-0.209564208984375	9.12861694335938	0.907812121932566	0.418265865695844	0.0305092914699595	-0.418756189090118	0.908023418940583	0.011692936080255	-0.0228123951178734	-0.023390943742438	0.999466086658184
19	9.141516	-0.0245489501953125	-0.53408935546875	9.89921447753906	0.907372998569543	0.419380497751664	0.0281822563412374	-0.419798695502177	0.907553181271061	0.0107832471662068	-0.0210546128339435	-0.021615301763877	0.999544637326453
20	9.141516	0.051492919921875	-0.168250122070313	9.41482177734375	0.907619967002664	0.419034166566064	0.0252262313548737	-0.419419653688292	0.907707573907491	0.0124142809284982	-0.0176960333995712	-0.0218478264654072	0.999604683302684
21	9.141516	-0.15088623046875	-0.511336669921875	9.35913757324219	0.907980812191692	0.418402263033755	0.0225918343643862	-0.418777124904799	0.907956468553834	0.0155167930875724	-0.0140201408047744	-0.0235498938317075	0.999624348519148
22	9.141516	0.7616162109375	-0.899329833984375	9.33758239746094	0.908816206024358	0.416896519186784	0.0158239046204089	-0.417123014230399	0.908714741613034	0.0156814978398954	-0.00784185353335673	-0.0208521141637922	0.999751816536515
23	9.141516	0.576600952148438	-0.220341796875	10.1393151855469	0.909277198983645	0.416099317763039	0.00873688534834249	-0.416190812192347	0.909097936126629	0.0180596339104184	-0.000428083089177794	-0.0200574247458934	0.999798737975515
24	9.141516	0.652642822265625	-0.237705688476563	9.67168762207031	0.909763774107389	0.415126103592845	-0.000439815533604703	-0.415021092980967	0.909556473970964	0.021552564543247	0.00934706920721458	-0.0194252097370908	0.999767619761665
25	9.141516	0.928668823242188	-0.4742138671875	8.87713989257812	0.910353224387146	0.41374994290116	-0.00824570174173307	-0.413449409956269	0.91018751677543	0.0248650299213575	0.0177930395025762	-0.0192267796435958	0.999656810455367
26	9.141516	1.29031677246094	0.4215234375	9.02024230957031	0.910912410241985	0.412217573218104	-0.0177553709427519	-0.411648211793878	0.910890648350003	0.0287049904269972	0.0280059028428038	-0.0188387653175084	0.99943022284063
27	9.141516	1.92499694824219	0.0508941650390625	9.31602722167969	0.911668345261308	0.40995424353178	-0.0282550253724127	-0.409076828230321	0.911933257205812	0.0321540511758514	0.0389483870465755	-0.017755354468022	0.999083465249118
28	9.141516	2.18545532226562	-0.167052612304688	9.29626831054687	0.912501399586591	0.40715588875977	-0.0395635943862055	-0.405874436620465	0.913192836068519	0.0366713219172213	0.0510601356298054	-0.017404780991973	0.998543907972047
29	9.141516	2.8979736328125	0.065863037109375	8.43346252441406	0.913077121850574	0.404402464214984	-0.0524291568683088	-0.402549028785269	0.914408928310536	0.0425510428781084	0.0651494357389997	-0.0177470775855153	0.997717691664363
30	9.141516	3.44463684082031	0.058677978515625	8.04666687011719	0.913349112189139	0.40186471830726	-0.0655602581076248	-0.399325995018656	0.915516962565835	0.0486563557676618	0.079574801072154	-0.0182603240402457	0.996661633454541
31	9.141516	4.08051452636719	-0.45265869140625	7.37546264648438	0.913314342664064	0.400049526803565	-0.076271145188417	-0.396717681188293	0.916268008661531	0.0553896897988957	0.0920434295139698	-0.0203300862683205	0.995547434668801
32	9.141516	4.263134765625	-0.299976196289063	6.84017578125	0.913478792240609	0.397792337710781	-0.0855438611779426	-0.393740278301085	0.917218154482015	0.0606584728788349	0.102591858205336	-0.0217281648373654	0.994486197733673
33	9.141516	4.37510192871094	-0.291593627929688	8.11612243652344	0.912905140417159	0.39661475095015	-0.0964414015279685	-0.391754051871911	0.917714759474461	0.065790448278404	0.114599159865457	-0.0222791286069166	0.993161957077821
34	9.141516	4.8427294921875	0.047900390625	7.92511962890625	0.912539781848241	0.394604523592905	-0.107510076292326	-0.38874012800737	0.918544298529761	0.0718156286283316	0.127091539534223	-0.0237411372618311	0.991606826812087
35	9.141516	5.2115625	0.422122192382813	8.07899963378906	0.911338958399956	0.392633952523917	-0.123692692702235	-0.385205583614624	0.919344316863209	0.0801416583521751	0.145182510153943	-0.0253890995658874	0.989079082969928
36	9.141516	5.41813293457031	0.633482666015625	7.96224243164063	0.909447798192294	0.391512333318627	-0.14008138785218	-0.382215978735957	0.919760052160349	0.089176185435953	0.1637548410341	-0.0275597407353031	0.986116023969036
37	9.141516	6.40308471679687	0.827479248046875	7.36288879394531	0.907673205436493	0.389850135414806	-0.155390553283332	-0.378938098044322	0.920450465822232	0.095795917544476	0.180375358580917	-0.0280679868300839	0.983197293594786
38	9.141516	6.59468627929688	0.75922119140625	6.48930541992187	0.906361358869561	0.386898865165067	-0.1697596986393	-0.374663866401554	0.921717225202691	0.100321204028315	0.195284598371608	-0.0273244377551713	0.98036590145731
39	9.141516	6.76473266601563	0.31374755859375	6.1743603515625	0.905444020767463	0.383979587207655	-0.180916560503146	-0.369939072440377	0.922849361071158	0.107210724521887	0.208125462013667	-0.0301452048988531	0.977637488378593
40	9.141516	7.0078271484375	0.6083349609375	5.72230041503906	0.905114699619591	0.380064678021009	-0.190573400697276	-0.364863252068753	0.924449769729866	0.110758433250978	0.218270904662879	-0.0307158553060854	0.975404710061657
41	9.141516	7.42396179199219	0.661025390625	6.08275085449219	0.904440805869943	0.37642775652776	-0.200721131903958	-0.359873585783843	0.925905599079849	0.114846958373592	0.229080402768128	-0.0316380421022545	0.972893212721483
42	9.141516	7.45270202636719	0.911903686523438	6.02048034667969	0.903723436104777	0.372429405988719	-0.211140447545857	-0.354576540015998	0.927505170548387	0.118362307667142	0.239915460746611	-0.0321013420420007	0.970262889908629
43	9.141516	7.70777160644531	0.70892578125	5.77978088378906	0.903277063799829	0.367691686838789	-0.221118451158663	-0.348485422856633	0.929362268631522	0.121834657222418	0.25029673603464	-0.0329938944914936	0.967606814184713
44	9.141516	7.67304382324219	0.45744873046875	5.60973449707031	0.902390976288961	0.362975876490534	-0.232247796541077	-0.342075818960723	0.931162906073955	0.126173596422781	0.262058504907983	-0.0344115596542302	0.964438274109627
45	9.141516	7.96224243164063	0.505947875976563	5.44866943359375	0.901226816412552	0.357906902024637	-0.244321253398114	-0.33530944880351	0.933091071465087	0.130033172287778	0.274513749968894	-0.0352661570810349	0.960936261800309
46	9.141516	8.31910034179688	0.767603759765625	5.18641479492188	0.899597804963384	0.353150685031139	-0.256920966382851	-0.328325678174411	0.934818814793591	0.135336737655446	0.287968814902541	-0.0373948816008698	0.956909391987393
47	9.141516	8.29574890136719	0.726289672851563	4.52479064941406	0.89763075283514	0.348244651766206	-0.270156795363087	-0.321083878696054	0.936578266953713	0.140450321151207	0.301934056386683	-0.0393295357996191	0.952517198378942
48	9.141516	8.71906860351563	0.746647338867188	4.17032775878906	0.895401806503885	0.342649954737043	-0.284335388983296	-0.313627896110028	0.938640181827564	0.143499657979788	0.316058772526848	-0.0393143431513346	0.94792469887191
49	9.141516	8.64961303710938	0.549656982421875	3.956572265625	0.893076619055019	0.336500724846758	-0.298632574704874	-0.305577848632153	0.94085790595785	0.146316708621929	0.330206497396101	-0.0394165317375348	0.943085365225854
50	9.141516	8.92983032226562	0.168250122070313	2.83929565429688	0.890746592970108	0.330302369272235	-0.31220322222119	-0.297109684613229	0.942991574761807	0.149975748830519	0.343942353340168	-0.0408317864095543	0.938102565180072
51	9.141516	9.32979858398438	0.253273315429688	1.71902526855469	0.887772575535331	0.325009316041559	-0.325927597195395	-0.289527544060662	0.944781991713634	0.15349524215369	0.357817908100709	-0.0419038497016257	0.932850691173361
52	9.141516	9.33339111328125	0.327518920898438	1.22924377441406	0.88524344710838	0.319174445331264	-0.338336685565064	-0.281845036492831	0.946744168063842	0.155688328533192	0.370010019804907	-0.0424635571353159	0.92805680405856
53	9.141516	9.22801025390625	0.6753955078125	1.74237670898438	0.882767157974847	0.313932129003653	-0.34952648423295	-0.274778087475028	0.948455938997179	0.157887093913801	0.381076301342104	-0.0433353223157936	0.923527423737492
54	9.141516	9.65552124023437	0.53408935546875	1.59208923339844	0.881029729799435	0.308262383382648	-0.358832716179536	-0.267429498440871	0.950248031210603	0.159718948606724	0.390215425852437	-0.0447546888227629	0.919635220756132
55	9.141516	9.3549462890625	-0.123942260742188	2.5051904296875	0.879089832251303	0.302199641922698	-0.368614220092184	-0.259352420743365	0.952093082553781	0.162034206289274	0.399921728200572	-0.0468416329244759	0.91535155691026
56	9.141516	9.52619018554688	-0.105979614257813	2.07648193359375	0.876042926508668	0.29717235166441	-0.379785971726672	-0.251448997151458	0.953513648679514	0.166087698561353	0.411487779582401	-0.0500031517819132	0.910042577062316
57	9.141516	9.58666442871094	0.355660400390625	1.91481811523438	0.871788315456765	0.292490299602307	-0.392981625106834	-0.244124530605732	0.954879838938128	0.169138129190396	0.42472149296873	-0.0515161899605204	0.90385714334864
58	9.141516	9.87466552734375	0.305963745117187	0.18920654296875	0.868140486057922	0.287362410852138	-0.404666456846082	-0.23576490251079	0.956241285249645	0.173255635198933	0.436745929816402	-0.0550040836061726	0.897901744945098
59	9.141516	9.71000793457031	-0.253273315429688	0.162861328125	0.865997426706755	0.28219999608417	-0.412809422309343	-0.227440160887414	0.957492616367054	0.177422836236156	0.44533069751903	-0.0597582781936474	0.893369754376398
60	9.141516	9.60283081054687	-0.520916748046875	-1.05440734863281	0.863578933857879	0.278308304206702	-0.420447277082964	-0.219062773325936	0.958149194278473	0.184286795094666	0.454139765204104	-0.0670418474768045	0.888404448630948
61	9.141516	10.4291125488281	-0.218545532226563	-0.897533569335938	0.862096054705501	0.274901228115822	-0.42569908062107	-0.212886839893858	0.95881135575832	0.188042488467098	0.459858223652919	-0.0714849554053498	0.885110340742598
62	9.141516	9.79443237304688	-0.208965454101563	-1.32923583984375	0.862031542275785	0.27064451610385	-0.428547740659712	-0.208740586274623	0.960039657434161	0.186416801269163	0.461875511110254	-0.0712418560722016	0.884078961507415
63	9.141516	9.77467346191406	0.665216674804687	-0.4454736328125	0.86319838662462	0.267564538661453	-0.428132880049566	-0.206044281516512	0.960879761175227	0.185083328849962	0.460905955030955	-0.0715492991909935	0.884560002714503
64	9.141516	9.65611999511719	0.6658154296875	-0.720302124023438	0.864618863324856	0.26495972084746	-0.426884723914162	-0.202877694049337	0.96141137857569	0.185819273495556	0.459646453744677	-0.0740574606209852	0.885008830513184
65	9.141516	10.0141754150391	0.838855590820313	0.477207641601563	0.866783869660349	0.26202856121798	-0.424295600263149	-0.201024013547449	0.962232474995367	0.183570177429683	0.456371635045284	-0.0738220642513155	0.886721621229441
66	9.141516	9.70102661132812	0.2347119140625	1.98008239746094	0.868348093861952	0.261106878795427	-0.421657189826078	-0.19843520849714	0.962087717080994	0.18711144452058	0.45452728841623	-0.0788062338117458	0.887239833189087
67	9.141516	9.59265197753906	0.00239501953125	1.25738525390625	0.871363317837527	0.261078414347788	-0.41540826892206	-0.196617464352125	0.961522064754817	0.191877282921599	0.449519233224696	-0.0855183053578536	0.889167632344882
68	9.141516	9.39206909179688	0.626297607421875	2.56865844726563	0.872514982465458	0.2619097141184	-0.41245715780396	-0.196357436028727	0.960978453188455	0.194843962759303	0.447393968096941	-0.0890152467723519	0.889896018168713
69	9.141516	9.08550659179688	0.448467407226563	2.51357299804688	0.875459551538305	0.26242826911424	-0.405834913714991	-0.195937624641529	0.960351475408277	0.198326727727206	0.441790698034924	-0.0941086991242039	0.892168443669112
70	9.141516	8.32389038085937	0.353864135742188	3.65300354003906	0.876708417464921	0.265323479096114	-0.401230360499414	-0.195738583918217	0.958716111014435	0.206276089857866	0.439395900654349	-0.10230772171099	0.892448526564116
71	9.141516	8.79391296386719	0.0736468505859375	2.09384582519531	0.87955107883027	0.266882194486485	-0.393908357355599	-0.196235576014532	0.957659391756252	0.210665820880586	0.433452994492775	-0.107992516625569	0.894682132334229
72	9.141516	8.22808959960938	-0.0664617919921875	4.04518798828125	0.881518846251597	0.26976415525533	-0.387494289303252	-0.198638258798508	0.956433097516518	0.213959276771203	0.428330906945496	-0.111637943882614	0.896699282725771
73	9.141516	7.84907775878906	-0.176632690429688	4.22182067871094	0.884901107138915	0.272704754315318	-0.377600513185753	-0.202297588815922	0.955250710716699	0.215804924027478	0.41955418737463	-0.114578342844812	0.90046992576507
74	9.141516	7.34013610839844	0.193397827148438	5.77439208984375	0.887822224898991	0.276296136285706	-0.3680110624003	-0.20621041863979	0.953777601356705	0.218599063114767	0.411398784903176	-0.118189391333748	0.903760094027364
75	9.141516	7.18865112304688	0.370030517578125	5.566025390625	0.890918898140986	0.279248404712279	-0.358167342733671	-0.210625822287978	0.952743904763823	0.218896813409644	0.402368338616204	-0.119580016729513	0.907634474707856
76	9.141516	6.67372192382813	0.966989135742188	6.28992004394531	0.894206240299177	0.281899660714935	-0.347746719752775	-0.215263215661718	0.951887475101105	0.218110024365274	0.392500888907258	-0.120178267729437	0.911866347757479
77	9.141516	5.87438415527344	0.883163452148438	7.5922119140625	0.897262348476602	0.283976558985981	-0.338049688585473	-0.218910899995796	0.951097949720178	0.217923628597507	0.383403567888047	-0.121531905212398	0.915549944102539
78	9.141516	5.44747192382813	0.423319702148438	6.41925109863281	0.902258022546692	0.284569741048965	-0.323960681610377	-0.221624903240982	0.950520284548576	0.217700691145254	0.369882228572231	-0.124624440383983	0.920682293652604
79	9.141516	4.31762145996094	-0.353265380859375	9.31782348632813	0.905909696172652	0.284870232875953	-0.313331410493065	-0.223616639333714	0.950142545241123	0.21731254527941	0.359615379250484	-0.126799424856424	0.924445068602029
80	9.141516	4.62298645019531	1.02446960449219	6.80784301757813	0.910089260340593	0.28478942421143	-0.301052357688882	-0.225610414945602	0.949853129150712	0.21651552764334	0.347616856439365	-0.12912790906664	0.928702591909429
81	9.141516	3.29315185546875	-0.0568817138671875	9.88604187011719	0.913809384760358	0.285558926087786	-0.288805311681567	-0.228789265006637	0.949464292804439	0.214879103002337	0.335570976905959	-0.130282985922785	0.932962198075262
82	9.141516	2.96263916015625	0.595162353515625	9.00587219238281	0.917254339672684	0.285390692207752	-0.277842813750525	-0.231116768559279	0.949484647494129	0.212282697042566	0.3243909919254	-0.130503091818277	0.93687748792653
83	9.141516	2.39921081542969	-0.159268798828125	9.93154724121094	0.919817641597184	0.286529299430588	-0.268023257898288	-0.234707329896911	0.949261149691981	0.209322093860449	0.314400978845897	-0.129631131497324	0.940397678776094
84	9.141516	2.41238342285156	-0.221539306640625	8.67535949707031	0.922048258574453	0.287254977316513	-0.259444766504757	-0.239048224813884	0.949762402564973	0.202008229751517	0.304438754223487	-0.124241525589879	0.944394561740987
85	9.141516	1.67411865234375	0.05508544921875	9.57947937011719	0.924516513343298	0.289153364810547	-0.248313407157748	-0.24377246544702	0.949414989125948	0.197954953241536	0.292991811567205	-0.122480651703507	0.948237464094755
86	9.141516	1.254990234375	0.874780883789062	8.11851745605469	0.927778133300873	0.289610610093044	-0.235273096401357	-0.24702757950783	0.949304114472897	0.194419837484068	0.279651766186538	-0.122259530370288	0.952285407271574
87	9.141516	0.317340087890625	-0.324525146484375	10.3285217285156	0.930275976855368	0.289928879222901	-0.224784011616358	-0.250605093615758	0.949699843059758	0.187795886925428	0.267924791573358	-0.11836998388453	0.956140603141373
88	9.141516	-0.642463989257813	0.545465698242187	10.5991589355469	0.931876237594213	0.290042353778343	-0.21790390272313	-0.253296908617997	0.950202599943304	0.181537035189936	0.259706283889742	-0.113975664401241	0.958938055367747
89	9.141516	0.108973388671875	0.261655883789063	10.7344775390625	0.932837836744709	0.29131222761518	-0.212015934258098	-0.257078516961365	0.950446873326085	0.174818125781093	0.252436539459719	-0.108572220326149	0.9615029207023
90	9.141516	0.188607788085938	1.44599304199219	9.18549865722656	0.932604487610834	0.29328461178933	-0.210316442951369	-0.259712895776478	0.950032335422217	0.173169782062592	0.250595453780653	-0.106877023441855	0.962174215204647
91	9.141516	-0.187410278320313	0.75922119140625	10.2949914550781	0.932647540813398	0.294594835668741	-0.208284534740411	-0.262218291088509	0.950002279521372	0.169520608548992	0.247810678610394	-0.103486963920612	0.963265444135287
92	9.141516	-1.13224548339844	1.13404174804687	10.5512585449219	0.932493378817721	0.294338254047812	-0.209334876848546	-0.26263200510037	0.950429679176421	0.166456765670747	0.247952673625573	-0.100241793403212	0.963572028702182
93	9.141516	-1.21068237304687	0.96040283203125	11.3224548339844	0.931633313504915	0.294598063460769	-0.212770651578217	-0.262814576868482	0.950566895760686	0.16538160378148	0.250973837985745	-0.098155782759137	0.963004452200325
94	9.141516	-0.573008422851563	1.14841186523438	10.5698199462891	0.93014893657481	0.293436140499771	-0.220721968180221	-0.260808897352847	0.951120265622322	0.165375207888357	0.25846019974136	-0.0962573206105598	0.961214259870573
95	9.141516	-0.0353265380859375	0.630488891601563	9.97106506347656	0.928252132347844	0.292132679106164	-0.230231354489211	-0.257976320491631	0.951558650445711	0.167285243902556	0.267948123444224	-0.0958886466699459	0.958649659981438
96	9.141516	0.721499633789063	0.913101196289062	9.43996948242188	0.92657019712314	0.289902412327077	-0.239633597665533	-0.254624685211718	0.95239688877533	0.167649741818782	0.27682835744197	-0.0943226249529341	0.956278883452923
97	9.141516	1.15859069824219	0.60593994140625	9.00168090820313	0.924769999455102	0.287044658767638	-0.249811552936972	-0.250369563823836	0.953354718616532	0.168611571377104	0.286558073727602	-0.0933817132235432	0.953501088629144
98	9.141516	1.64897094726563	1.06159240722656	9.34297119140625	0.922988362100819	0.284318166179524	-0.259336969610503	-0.2463064514257	0.954245702788274	0.169553150062722	0.29567822952075	-0.0926192155571686	0.950787076845836
99	9.141516	1.73758666992188	0.828078002929688	9.54056030273438	0.920957159750993	0.280569187397114	-0.270404957400389	-0.241033167803012	0.955435658697903	0.170428032046812	0.306171393050082	-0.0917803528639291	0.947541790585483
100	9.141516	1.81482604980469	0.799337768554688	9.19507873535156	0.918782280669851	0.276657957549216	-0.281601660598447	-0.235689047242644	0.956682954441199	0.170904645026147	0.316685638665478	-0.0906537324458003	0.944188597186327
101	9.141516	2.46507385253906	0.746647338867188	8.65200805664062	0.916550953788344	0.272349349054741	-0.292848392823208	-0.22959560973081	0.957917174498188	0.172280419066552	0.327444964997196	-0.090667077105572	0.940510114792562
102	9.141516	3.04945861816406	0.681383056640625	7.88560180664063	0.913503168162385	0.268152724809648	-0.30595110382943	-0.222859833332464	0.958994944564714	0.175106227720056	0.340360773950689	-0.0917758817799247	0.935805391670301
103	9.141516	3.66018859863281	-0.104782104492188	7.91553955078125	0.911090515334912	0.263442312729816	-0.317036623642016	-0.216227739510234	0.960250717665938	0.176533633872828	0.350941074160688	-0.0922860069870691	0.931838856981895
104	9.141516	3.36200866699219	0.0143701171875	7.94128601074219	0.908745388320644	0.258061949424953	-0.328002819294216	-0.208697140759105	0.96158260895033	0.178337852412919	0.361424020569934	-0.0936104503956196	0.927690552356654
105	9.141516	3.81526611328125	-0.389789428710938	8.20833068847656	0.90509326264212	0.253896734618975	-0.341090360563977	-0.201889030894413	0.962577101705952	0.180793092998275	0.374228546645438	-0.0947722080632815	0.922481015227117
106	9.141516	4.761298828125	0.0880169677734375	7.20361999511719	0.901006007100028	0.248794057197179	-0.355372610471082	-0.192882259013866	0.963523049648018	0.18552565039555	0.388567380678528	-0.0986146535782136	0.916128015493619
107	9.141516	5.7911572265625	0.0712518310546875	7.58442810058594	0.895926548544577	0.245159431550911	-0.370422019775601	-0.18514967224273	0.964114073271119	0.190272574453023	0.403776198507801	-0.101886735359446	0.909166582467912
108	9.141516	5.84923645019531	-0.341290283203125	6.21208190917969	0.891295133749856	0.240293578862425	-0.384515253938402	-0.177073430141381	0.965149364162464	0.192695887851186	0.417418237373251	-0.103661472178813	0.90278253986989
109	9.141516	6.09233093261719	-1.00171691894531	6.98986450195313	0.886259505501482	0.237388068724005	-0.39773231417092	-0.170344521361297	0.965549294263514	0.196716304330426	0.43072825882505	-0.106590173912596	0.89616499701496
110	9.141516	6.58091491699219	0.07903564453125	5.90492065429688	0.880086178600198	0.232740780024984	-0.413859937116727	-0.161979708212505	0.966504972131402	0.199074641711772	0.446330474384498	-0.108165928825304	0.888306951158814
111	9.141516	7.33594482421875	0.266445922851562	5.79834228515625	0.872907954660453	0.227537649532273	-0.431576552578835	-0.152626269738252	0.967542921445163	0.201409823363077	0.463397156310103	-0.109942317633784	0.879304135278018
112	9.141516	7.96343994140625	-0.837658081054688	5.24449401855469	0.864946892985374	0.21970302050587	-0.451217746875658	-0.140656415943745	0.969175079456516	0.202275648594477	0.481749566651396	-0.111491022692652	0.869187613171137
113	9.141516	8.31311279296875	-0.262254638671875	3.43385925292969	0.855144660712397	0.211582798413837	-0.473244470300974	-0.127853296329679	0.970795014709799	0.203003876889672	0.50237550086834	-0.113091815928347	0.857221731699164
114	9.141516	8.99210083007813	-0.848435668945313	1.88847290039063	0.844769274319376	0.198999306617711	-0.4967536100841	-0.112400663621519	0.973560543641101	0.198861657145581	0.523193046573975	-0.112156782366983	0.844801688081723
115	9.141516	9.37650146484375	-0.9244775390625	-1.10889404296875	0.833640593533327	0.189938682741988	-0.51861995489148	-0.0991497386324326	0.975217721063066	0.197787072008463	0.543334786427782	-0.1134622991253	0.83181345056129
116	9.141516	9.44236450195313	-1.46156066894531	-0.0143701171875	0.826148851252475	0.18263149853105	-0.533032655020797	-0.0893378982445529	0.976503446524928	0.196111597979782	0.556324379756507	-0.114397354293012	0.823053114822669
117	9.141516	9.28608947753906	-2.20701049804688	0.678389282226563	0.819802907947919	0.174834432949541	-0.545303688943463	-0.0779487068532871	0.977459858336067	0.196204547453765	0.567315777341012	-0.118343341159732	0.814952552228113
118	9.141516	9.57169555664063	-2.47704895019531	-0.0041912841796875	0.813484242089549	0.171096577389085	-0.555850113859603	-0.0687028624188639	0.977325868592778	0.200284955188417	0.577514765670496	-0.124740161075382	0.806794018103407
119	9.141516	10.3728295898438	-1.95792846679688	-1.70285888671875	0.80754001333186	0.169149853178951	-0.565037568695675	-0.0620887606364324	0.977051233781284	0.203754441348168	0.586535687465487	-0.129457381929387	0.799510271099363
120	9.141516	10.6344854736328	-2.2752685546875	-2.58781860351562	0.805064403026862	0.168712750702542	-0.568689119580624	-0.0576749834394477	0.976421223332198	0.208026899490701	0.59037691626982	-0.134675916098003	0.795812474367486
121	9.141516	10.0728533935547	-2.23155944824219	-2.11420349121094	0.805806547032262	0.168852271802896	-0.567595559414398	-0.0559270320085933	0.975902226408399	0.210919443347073	0.589531997308587	-0.138216333326167	0.795831809713094
122	9.141516	9.80281494140625	-1.41006774902344	-1.24301513671875	0.807607443495224	0.171016580931796	-0.56437890309393	-0.0568632380951972	0.97515123079163	0.214118306641209	0.586972562701561	-0.140831126289497	0.7972639490806
123	9.141516	9.8722705078125	-1.78608581542969	-2.01181640625	0.811947802157963	0.17306901499372	-0.557483526770035	-0.0581487536684312	0.974266972268415	0.21776728219304	0.580826556742769	-0.144398693886193	0.801117674368941
124	9.141516	9.19507873535156	-1.61484191894531	0.894539794921875	0.817282986791221	0.177194510062851	-0.548316172573095	-0.0632171776232311	0.973374753593489	0.220329701856489	0.572758332942415	-0.145408715936847	0.806724362700559
125	9.141516	8.81247436523438	0.78556640625	2.54410949707031	0.82154480815587	0.180032032938643	-0.540973747337257	-0.0693072579996407	0.973335356939976	0.218665925372703	0.565915746538923	-0.142150448632807	0.812116135643657
126	9.141516	8.65619934082031	-0.899928588867188	2.62194763183594	0.824610086536006	0.180879573905238	-0.536004463532665	-0.0722781453254862	0.973426080130814	0.217295964595449	0.561065125356574	-0.140443035658655	0.81577060430221
127	9.141516	9.1729248046875	-0.68258056640625	2.52554809570313	0.828280613090533	0.185004447832955	-0.52888995099207	-0.0755609419235105	0.972175903422765	0.221730820725856	0.555195253972873	-0.143691917261039	0.819213563657148
128	9.141516	8.51369567871094	-1.06398742675781	3.64162719726563	0.832587237793719	0.189538491923997	-0.520455234907097	-0.0805696049107554	0.971078379323572	0.224756134454277	0.548002764799184	-0.145196216512281	0.823778506931911
129	9.141516	8.5118994140625	-1.312470703125	3.24345520019531	0.836858494474343	0.195773853955756	-0.511214689082236	-0.087567673178387	0.969712749428163	0.228011153697789	0.540370024002313	-0.146047189989346	0.828655812419099
130	9.141516	7.62514343261719	0.0005987548828125	4.81279174804687	0.839411550967781	0.204039844318862	-0.503741987561292	-0.0962917804356439	0.968024055838472	0.231640498053708	0.534898253056037	-0.145935496875746	0.832217933974767
131	9.141516	7.78201721191406	0.719703369140625	4.5265869140625	0.843807301437176	0.210441805130013	-0.493663331325039	-0.103956925558415	0.966578534464417	0.234347806350012	0.526480954707533	-0.146424667888449	0.837482907863799
132	9.141516	7.33295104980469	0.535885620117188	5.3025732421875	0.847672097807275	0.217213979190373	-0.484014567800699	-0.111053937634164	0.964777788333354	0.238476082814503	0.518766843133754	-0.148397797769665	0.841937679452674
133	9.141516	7.51138000488281	0.610131225585938	5.61452453613281	0.852483273688395	0.222307942976726	-0.47312941841633	-0.117235549756576	0.963318869351698	0.241397145435153	0.509438999247988	-0.150319441325545	0.847275617260868
134	9.141516	6.7779052734375	-0.3305126953125	6.14322509765625	0.858307979002547	0.227215135967705	-0.460087703778029	-0.12473822627257	0.962114240281662	0.242438783105373	0.497742692650465	-0.150696617859918	0.854132742188617
135	9.141516	5.47920593261719	-0.3496728515625	6.7491650390625	0.864003336528257	0.231943820051582	-0.446878393758212	-0.133166930567392	0.961234503319918	0.241443157348825	0.485556179109379	-0.149098269497635	0.861397064634836
136	9.141516	4.59723999023438	-0.571810913085938	7.03237609863281	0.870128899786171	0.23769743003322	-0.431712438450076	-0.143025641567267	0.960092221805208	0.240346815005757	0.471613574456016	-0.147386761226179	0.869400816082017
137	9.141516	3.99189880371094	0.707728271484375	8.26401489257812	0.875023098954599	0.24437068884933	-0.417872639361797	-0.154324853980082	0.959008293542149	0.237669796906132	0.458822858780943	-0.143478428164933	0.876866879812097
138	9.141516	2.97102172851563	1.95732971191406	8.3490380859375	0.880927524926038	0.250185630091443	-0.401713637213666	-0.164621692177589	0.957824167144189	0.235526141434719	0.443696286092494	-0.14135068210054	0.884959654660844
139	9.141516	1.96930480957031	1.22804626464844	9.9297509765625	0.886728316084716	0.254782904262559	-0.385744170596394	-0.173026658200138	0.9566816632008	0.234140920916109	0.428689478533888	-0.140875359771988	0.892400954730247
140	9.141516	1.120869140625	-0.1293310546875	9.17172729492188	0.891848387853764	0.259345323854993	-0.370602827940089	-0.181904770390761	0.955775046617387	0.23109460134892	0.41414623937895	-0.138686925332134	0.899582586064332
141	9.141516	0.81670166015625	0.79275146484375	9.11364807128906	0.895242481912351	0.264446216793396	-0.358621105072018	-0.191289000844541	0.954997687282163	0.22668907217071	0.4024293934783	-0.134341414721523	0.905540152370566
142	9.141516	-0.195194091796875	0.975970458984375	9.17172729492188	0.899293828558274	0.269854892385379	-0.3441641279574	-0.200385470046569	0.953719776787318	0.224196901760405	0.388736766091423	-0.132653399581107	0.91174930889382
143	9.141516	-0.0161663818359375	1.43401794433594	9.59863952636719	0.903020340778977	0.273197525515117	-0.331537895559222	-0.207430116133914	0.953098670708507	0.220398890229395	0.376200758983939	-0.130253736783614	0.917336880864284
144	9.141516	-0.929866333007813	0.382604370117188	8.30173645019531	0.906947638713686	0.277014258000678	-0.317346941841268	-0.214856558072449	0.952200525633019	0.217142392078247	0.362329463451334	-0.128752708121175	0.923114348315816
145	9.141516	-2.60039245605469	0.143701171875	10.1494940185547	0.909811318518278	0.280806640203647	-0.305599403653823	-0.222106224929871	0.951464945875842	0.213033522284367	0.350588347700596	-0.125944779911762	0.928022479722094
146	9.141516	-2.88420227050781	1.23882385253906	10.3925885009766	0.911508059123596	0.283343412884847	-0.298109994008086	-0.226938318051995	0.950998897485853	0.210000230429454	0.34300445762769	-0.123764321819574	0.931144636827209
147	9.141516	-2.88300476074219	0.643661499023438	11.7691259765625	0.911987401136101	0.284522810217355	-0.295509307188522	-0.229898826430414	0.951109488240075	0.206245656889112	0.339743299823469	-0.120156197700004	0.932811330537606
148	9.141516	-3.7218603515625	0.80233154296875	10.4788092041016	0.911630115381055	0.283552868165659	-0.297537062708755	-0.229938464673749	0.951877588449486	0.202626155940121	0.340674089407757	-0.116304890536124	0.932959986946694
149	9.141516	-3.44583435058594	0.412542114257813	9.92436218261719	0.910644472546076	0.282675118266511	-0.301365927294864	-0.229294670107644	0.952475081762051	0.200537210718116	0.343730415997052	-0.1135165015995	0.932182066435042
150	9.141516	-2.93569519042969	0.831670532226563	9.54295532226562	0.908104214621811	0.281809223323917	-0.309726164596528	-0.227814000855107	0.953099940355693	0.19925181230886	0.351350987476191	-0.110381453802467	0.929714159436093
151	9.141516	-2.19922668457031	-0.032332763671875	9.67528015136719	0.905962424202366	0.281332028487978	-0.316361147551677	-0.226854463526806	0.953526271741288	0.198304567464104	0.357448091771853	-0.107888548261621	0.927680399082929
152	9.141516	-1.85194885253906	0.44786865234375	9.70641540527344	0.903400672358562	0.280500480183306	-0.324325000268301	-0.225368353971089	0.954068189029639	0.197390465094108	0.364796285905518	-0.105230087421046	0.925121774952303
153	9.141516	-1.12865295410156	0.640667724609375	9.54954162597656	0.900518533329171	0.279381522435662	-0.333185137802109	-0.223076965765578	0.954581730078431	0.197510475533054	0.373233222630973	-0.103535914165093	0.921942121828966
154	9.141516	-0.74006103515625	0.668809204101563	8.89749755859375	0.897724066142937	0.277016546062524	-0.34256872927251	-0.219738914801807	0.955498395694454	0.196818762182494	0.381845924935066	-0.101413258664312	0.918645220189802
155	9.141516	-0.0556842041015625	1.03644470214844	9.49505493164063	0.894105977826681	0.274516695779907	-0.35385743478508	-0.215525879411695	0.956349667299849	0.197342111976343	0.392585144546263	-0.100179327176569	0.91424340669651
156	9.141516	0.362246704101563	0.728684692382813	9.13699951171875	0.890329810665768	0.271720320269493	-0.365350374014455	-0.2106412503157	0.957184272264277	0.198566191974729	0.403662101150575	-0.0998315405197695	0.909445199895053
157	9.141516	0.93166259765625	0.272433471679688	9.97166381835938	0.885349890816954	0.268491659895052	-0.379562642257121	-0.204864047060102	0.958156687913469	0.199916191512466	0.417356314259847	-0.0992370393224832	0.903308207077709
158	9.141516	2.03935913085938	0.304766235351562	8.83822082519531	0.88004009020626	0.263358436870564	-0.395185745389244	-0.196227234025177	0.959440333654845	0.202408297219031	0.432463076177131	-0.100581210399222	0.896024055401439
159	9.141516	2.17767150878906	1.13104797363281	10.0069903564453	0.87346585735157	0.258625309564049	-0.412517084851023	-0.189213877131821	0.960969292341397	0.201831929777277	0.448615096426581	-0.0982393425760526	0.888309364370541
160	9.141516	2.69619323730469	0.901724853515625	9.05018005371094	0.8673028673365	0.251814902460074	-0.4293890906962	-0.180977467175746	0.963090950867809	0.199256058204491	0.46371639251221	-0.0951056005478281	0.880864366437819
161	9.141516	3.60809692382813	0.7424560546875	7.40480163574219	0.859936552891603	0.246082877496443	-0.447160309513243	-0.171012010133861	0.964372530042845	0.20184279944734	0.480899175909967	-0.0971022178007978	0.871382316728588
162	9.141516	4.6702880859375	0.28979736328125	8.09097473144531	0.850092613475301	0.241928118075285	-0.467774875553705	-0.161376436765765	0.96517370818532	0.205906189039047	0.501298508048366	-0.0995514877455368	0.859528537697343
163	9.141516	5.34867736816406	0.2730322265625	5.41034912109375	0.841335066552688	0.236203828714784	-0.486171839054116	-0.150812047009048	0.966325004154488	0.208498711801225	0.519048198403313	-0.102096707323529	0.848625494601694
164	9.141516	6.43841125488281	-0.291593627929688	7.6257421875	0.830953875433942	0.230017135208318	-0.506564679396294	-0.141205768511767	0.967910266115439	0.207871709684942	0.538123208791735	-0.101201947900711	0.836768533048888
165	9.141516	7.43593688964844	0.0401165771484375	3.98112121582031	0.821810307854708	0.221511433743572	-0.524938570334299	-0.129026785423744	0.969749503571669	0.207214837706469	0.554959373780609	-0.102560153292446	0.825531046302721
166	9.141516	8.05564819335938	-0.74964111328125	5.26006164550781	0.810018823601552	0.21575182573248	-0.545271175750434	-0.119647798166358	0.971102891024198	0.206503218954062	0.574067861672383	-0.102030998904982	0.812425852282749
167	9.141516	8.17899169921875	0.214953002929687	2.1842578125	0.801678359626481	0.21175453378993	-0.558991793433503	-0.108816018271663	0.971224070182726	0.211855799224854	0.58776771081278	-0.109012948391969	0.801651604631834
168	9.141516	8.325087890625	-0.584384765625	4.69783081054688	0.791355662114133	0.208576160841968	-0.574675735670411	-0.0986639488598408	0.971251562668962	0.216646779824865	0.603342059892467	-0.114744878498024	0.789184371121976
169	9.141516	9.22741149902344	-1.08674011230469	0.961600341796875	0.78106830183464	0.201050925419766	-0.591194412403405	-0.0860124755792359	0.972365709152228	0.217040967813951	0.618493461496468	-0.118673725199561	0.776776921022617
170	9.141516	9.41003173828125	-2.88899230957031	0.77838134765625	0.768545174807821	0.194782649080606	-0.609424346327547	-0.0772874475326976	0.9738191564155	0.213782368431275	0.635110198889529	-0.117200555524905	0.763478267569652
171	9.141516	8.382568359375	-1.68369873046875	-2.49620910644531	0.758878489319485	0.185971581473027	-0.62411377915617	-0.0690189693023421	0.975928379847436	0.206882041958216	0.647564529853681	-0.113922641703833	0.75344662145543
172	9.141516	9.7764697265625	-1.580712890625	-3.16501831054688	0.751797502374711	0.184711452976597	-0.632994624434064	-0.0627298959859372	0.975644827718577	0.210195457361908	0.656403439641156	-0.118316732904786	0.745074274916264
