// Start Time: Unknown
// Update Rate: 100.0Hz
// Filter Profile: human (46.1)
// Option Flags: AHS Disabled ICC Disabled 
// Firmware Version: 4.0.2
PacketCounter	SampleTimeFine	Acc_X	Acc_Y	Acc_Z	Mat[1][1]	Mat[2][1]	Mat[3][1]	Mat[1][2]	Mat[2][2]	Mat[3][2]	Mat[1][3]	Mat[2][3]	Mat[3][3]
1	9.141516	-2.07827819824219	-8.74301879882812	1.89625671386719	0.934609478199772	-0.135629877807716	0.328800333796994	-0.285100548712428	0.267039909180634	0.92054731764786	-0.212656531484512	-0.954093403787419	0.210909877593048
2	9.141516	-1.30947692871094	-9.95190490722656	0.729882202148438	0.936383417065949	-0.129593859553108	0.326177141765065	-0.284466822606421	0.264127512346173	0.9215830315593	-0.205583858997015	-0.955741643326245	0.210459469095463
3	9.141516	-1.13284423828125	-9.51601135253906	1.16817077636719	0.937489402506584	-0.125712186925117	0.324515124834505	-0.284064897383862	0.262277231347234	0.922235212942515	-0.20104913395025	-0.956769094387635	0.210171705428015
4	9.141516	-1.70285888671875	-9.18310363769531	0.74006103515625	0.937528531389021	-0.122533449821651	0.325616041537192	-0.286293193157947	0.260062716807536	0.92217329763885	-0.197677667891374	-0.957785433696655	0.208735724339509
5	9.141516	-1.18553466796875	-8.59931762695313	1.15739318847656	0.93794706259966	-0.119402202713883	0.325573988131334	-0.287408781840573	0.257673470130202	0.922496924066405	-0.194039944036241	-0.95882610351311	0.207366832787406
6	9.141516	-1.27834167480469	-9.53397399902344	0.764609985351563	0.93785871469019	-0.117765988739364	0.326423349618108	-0.289240630835566	0.254436971939923	0.922822672447902	-0.191731293099248	-0.959892181031955	0.204563222599293
7	9.141516	-1.6813037109375	-9.32979858398438	1.312470703125	0.937502233923632	-0.116767383153419	0.327803202576945	-0.291259037895848	0.252164540608496	0.922811582774995	-0.19041463765211	-0.960613565743899	0.202395264461911
8	9.141516	-0.853225708007812	-9.26992309570313	0.692759399414063	0.937764177570213	-0.115964075450778	0.327338785466845	-0.291684831641676	0.24852260478002	0.923664697768363	-0.188463010312979	-0.961659424182075	0.1992306342548
9	9.141516	0.211959228515625	-9.32919982910156	0.229921875	0.937712109832628	-0.114929783184845	0.327852320428462	-0.293251547048894	0.244147937097126	0.924335066393485	-0.186278096475867	-0.962903385469333	0.19523714048568
10	9.141516	-1.69327880859375	-9.94292358398438	0.202379150390625	0.936929650081552	-0.116391990901411	0.32956901439921	-0.295238395142298	0.241138050776794	0.924492688181669	-0.187075174279916	-0.963486037740856	0.191566004934499
11	9.141516	-0.971180419921875	-9.47050598144531	-0.144898681640625	0.936202431060627	-0.114627877268806	0.332243070400304	-0.298618406279057	0.239083155751177	0.923940632328406	-0.185343075153968	-0.964209362321745	0.189600237614736
12	9.141516	-1.75016052246094	-9.40464294433594	1.52981872558594	0.936070527844704	-0.114403275482828	0.332691835576613	-0.299371100025491	0.237695369322595	0.924055115170152	-0.184794240630123	-0.964579080200994	0.18825059540023
13	9.141516	-0.829874267578125	-10.0417181396484	0.265248413085937	0.93559481412508	-0.111191240989877	0.33511020830376	-0.302979302599159	0.234497787544885	0.923696015923573	-0.181289508738885	-0.965736659531824	0.185706269300551
14	9.141516	-0.613723754882812	-9.43937072753906	0.13172607421875	0.935544930789615	-0.109829839193912	0.335697913154809	-0.303948451575709	0.233798285464219	0.923554925545157	-0.179919485488881	-0.966061989800153	0.185346191233555
15	9.141516	-0.72569091796875	-9.07832153320313	-0.417332153320313	0.935514700874719	-0.108002133444771	0.336374469332413	-0.305371739947384	0.231577282262161	0.923644987417557	-0.177652314617042	-0.966802721092286	0.183663152536807
16	9.141516	-1.34959350585938	-8.89151000976562	0.675994262695312	0.935463595801355	-0.10620461227184	0.337088180247524	-0.306138767017621	0.233084640311307	0.923011704031904	-0.176598177395266	-0.966639607497612	0.185528846699195
17	9.141516	-0.03113525390625	-9.56630676269531	0.410147094726563	0.93634213273788	-0.103669501469537	0.335434114134112	-0.305342635397157	0.231111539561236	0.923771254851738	-0.173289600001263	-0.967388283341644	0.184744753064085
18	9.141516	-0.346679077148438	-9.44475952148438	0.0952020263671875	0.936725161978611	-0.101087925484603	0.33515250593926	-0.305554636553739	0.231097771460519	0.923704597859345	-0.170828378780162	-0.967664741192528	0.185587213072831
19	9.141516	0.176033935546875	-9.22022644042969	0.612526245117188	0.937597502205706	-0.0985951210053853	0.333451534666667	-0.30456798808667	0.229843598402153	0.924343151057219	-0.167777425449493	-0.968220492650039	0.185471866120058
20	9.141516	-0.24189697265625	-9.58307189941406	0.142503662109375	0.937758514702085	-0.0964791053751037	0.333617670889539	-0.305119768897592	0.229914515758223	0.924143518113687	-0.165864085116764	-0.968416799559819	0.186166612470383
21	9.141516	-0.191002807617188	-9.148974609375	0.274828491210937	0.937754588638175	-0.093994482945276	0.334337208015945	-0.306122738687588	0.230962677867347	0.923550274912392	-0.164028047438413	-0.968411729900147	0.187812462433533
22	9.141516	0.339494018554688	-9.61300964355469	0.315543823242187	0.93839972164414	-0.0929921062482625	0.332803892095198	-0.304985445896721	0.229885063553352	0.924195182494612	-0.162449500489779	-0.968764845424618	0.187362840659609
23	9.141516	0.24189697265625	-10.3626507568359	0.162861328125	0.93888486936549	-0.0933810364021191	0.331323382991624	-0.303907392409283	0.227169789002511	0.925221153997003	-0.16166477326721	-0.96936776767387	0.184907090397964
24	9.141516	-0.075443115234375	-10.1890118408203	0.38080810546875	0.939350063341846	-0.0925748687628352	0.33022924185059	-0.303275476550548	0.225389618205218	0.925863653746244	-0.16014194897874	-0.96986051248561	0.183644064697012
25	9.141516	-0.712518310546875	-9.74174194335938	0.391585693359375	0.939828130620474	-0.0922348796974863	0.328961717927203	-0.301855360132615	0.2268117636341	0.925980434694167	-0.160020081407415	-0.969561318764512	0.185322482991095
26	9.141516	-0.23710693359375	-9.04958129882812	1.3268408203125	0.940808473701053	-0.0911372819636476	0.326455834146941	-0.299344115179895	0.228336702984325	0.926420774150393	-0.158973320149835	-0.96930714735141	0.187539695995305
27	9.141516	0.393980712890625	-9.36392761230469	0.249680786132812	0.942068736785083	-0.090763993949881	0.322906166826254	-0.296014816969423	0.227755833050423	0.927632744487853	-0.157739415831039	-0.969478817671523	0.187694162880758
28	9.141516	-0.513132934570313	-9.92855346679688	0.432301025390625	0.942615398099693	-0.0887221320409397	0.321876675997917	-0.295501633732059	0.227067518227966	0.927965046016	-0.155418775336322	-0.9698292248906	0.187819804123675
29	9.141516	0.187410278320313	-9.15975219726563	0.507744140625	0.943362361692863	-0.0886055963969264	0.319713157108695	-0.293567062485605	0.225982881681929	0.928843429761068	-0.154550426608396	-0.970093183912698	0.187172060311593
30	9.141516	0.119152221679688	-9.60342956542969	0.28500732421875	0.943612561045281	-0.0895304495113883	0.318715599316781	-0.292400138581786	0.226039077985354	0.929197769143299	-0.155233674165493	-0.969995172067274	0.187114597429654
31	9.141516	-0.135917358398437	-9.09568542480469	0.825682983398437	0.944551897348192	-0.0901255071142525	0.315751652700871	-0.289435644199988	0.225618011873815	0.930227671371179	-0.155076500742279	-0.970038094966124	0.187022386980874
32	9.141516	-0.831670532226563	-9.513017578125	1.68250122070313	0.94532089120977	-0.0893244438060581	0.313671095864929	-0.287779322273168	0.224101685027954	0.931107671775734	-0.153464896032817	-0.970463589479982	0.186142276711302
33	9.141516	0.0161663818359375	-9.74114318847656	0.972976684570312	0.944801486425186	-0.0881025433545479	0.315575811974271	-0.290062321469867	0.222980214472716	0.930668401535807	-0.152361415431441	-0.970833541760977	0.185116809824409
34	9.141516	0.447269897460938	-9.22441772460938	0.392184448242188	0.945332565143902	-0.0885894617025028	0.31384430623115	-0.288540613571067	0.221223300818453	0.931560285486141	-0.151956097602179	-0.971191102950521	0.183567932796739
35	9.141516	0.297581176757813	-9.0483837890625	1.75375305175781	0.941441281652666	-0.085615001422973	0.326126332471835	-0.301472552256943	0.219439262354386	0.927879685289557	-0.151005342408374	-0.971862377946954	0.180778607405363
36	9.141516	0.774788818359375	-8.67715576171875	-0.25147705078125	0.93990040929564	-0.0791896751732967	0.332138850410241	-0.309588932955933	0.212647515497615	0.926787854227654	-0.144020530470816	-0.973914795810516	0.175351239813882
37	9.141516	-2.27227478027344	-12.1888531494141	-0.202977905273438	0.939794046321201	-0.0858464013296657	0.330783230950377	-0.306930207028511	0.21358701081296	0.927455894814099	-0.150269752487519	-0.973144893728951	0.174378947400795
38	9.141516	0.553848266601562	-9.80101867675781	2.46148132324219	0.944955840436679	-0.0863110757208755	0.315608710007368	-0.291768606539286	0.214281245907754	0.932177358602077	-0.148086258183307	-0.97295115286438	0.177303452524594
39	9.141516	-1.02686462402344	-10.7416625976563	-1.43701171875	0.941516780922127	-0.0885530715220612	0.325122292016473	-0.300790090335905	0.21405969847557	0.929356641469929	-0.151892964938321	-0.972798436991218	0.174904911851237
40	9.141516	-0.707129516601563	-9.29866333007813	-1.41605529785156	0.945644989504084	-0.0921164909527202	0.311881557518843	-0.287431131875873	0.211845182720401	0.934079741235573	-0.152114753572348	-0.972952296185542	0.17385318833115
41	9.141516	-1.05320983886719	-9.62079345703125	-1.87889282226563	0.945410211406361	-0.0931375671656828	0.31228981051427	-0.287842531516298	0.210648371523941	0.934223710159724	-0.152794663581126	-0.973114924948112	0.172340168342615
42	9.141516	-0.6083349609375	-9.51182006835938	0.229921875	0.946149524245236	-0.0945115282217602	0.309626628059831	-0.284701748068115	0.212345446267236	0.934801757645185	-0.154097347211018	-0.972613480516673	0.174002945664064
43	9.141516	-0.647254028320313	-9.67228637695313	0.105979614257813	0.946516367389444	-0.0948947126114499	0.3083857321315	-0.283638203826763	0.21089131262109	0.935454020030317	-0.15380551223483	-0.972892516046528	0.172696313298337
44	9.141516	-0.544268188476563	-9.05556884765625	0.308358764648438	0.946459794131068	-0.0957457665865371	0.308296296238102	-0.283298847228754	0.21153111346709	0.93541239632273	-0.154776035781495	-0.972670209380409	0.173081028803379
45	9.141516	-0.929866333007813	-9.99800903320313	-0.86939208984375	0.947965458833691	-0.0945240907337453	0.304017573717688	-0.279518151941921	0.210052278191934	0.936881872575914	-0.152417491099952	-0.973110084572828	0.172701105119392
46	9.141516	-0.31853759765625	-10.3494781494141	0.362845458984375	0.94876577232176	-0.0929239899711918	0.302007684270663	-0.27812498791027	0.208032787438173	0.937746687784402	-0.14996666419777	-0.973697844014527	0.171529904654715
47	9.141516	-1.59089172363281	-8.60470642089844	-2.00942138671875	0.948594062353702	-0.0949206908454514	0.301926095786243	-0.278170637647414	0.204987186592006	0.938403617684803	-0.150964900616442	-0.974151074414291	0.168045478961355
48	9.141516	-0.645457763671875	-10.6177203369141	1.79686340332031	0.949079526722832	-0.0900146027060821	0.301903003057659	-0.278779100644891	0.206376184049016	0.93791848457155	-0.146731949483376	-0.974323479116168	0.170773221096795
49	9.141516	-0.601748657226563	-9.86628295898438	-1.54359008789063	0.950694791358933	-0.0878438642744372	0.297427082143388	-0.275280794974854	0.202658068128093	0.939760709617401	-0.142828210102234	-0.975301575376521	0.168484241005111
50	9.141516	0.192200317382813	-10.1093774414063	-1.17535583496094	0.951571073252322	-0.0834127402296197	0.295896615926595	-0.274962258426267	0.199585411692137	0.940511254521076	-0.13750726886442	-0.976323705646374	0.166984348974333
51	9.141516	0.3017724609375	-10.0177679443359	-0.298778686523438	0.952568444147121	-0.0818469537218416	0.293111643203726	-0.27270942499494	0.197895723881649	0.941523686366035	-0.135066386395959	-0.976800060726766	0.16618878611424
52	9.141516	0.37122802734375	-9.359736328125	0.314346313476562	0.951906526100863	-0.0819308825479014	0.295230919877152	-0.275128849389761	0.195447059064568	0.941331271836051	-0.134826116906383	-0.977285924173644	0.163505781585892
53	9.141516	-0.201780395507813	-10.4141436767578	-1.13583801269531	0.952659189866469	-0.0833352644800297	0.292396480240457	-0.272350832143311	0.19358826935367	0.942522469864511	-0.135149887879384	-0.977537117281331	0.161727215222099
54	9.141516	0.640068969726563	-10.2291284179688	-0.750239868164063	0.955524955441277	-0.0803202663370149	0.283761721069803	-0.264232831352664	0.194141083354559	0.944717021435135	-0.130969730717827	-0.977679852799202	0.164283398632457
55	9.141516	0.442479858398438	-8.84480712890625	-1.09212890625	0.954803521205214	-0.0814206452639031	0.285868701362943	-0.266952054196412	0.188055501482969	0.945183436758339	-0.130716627306711	-0.978777710661005	0.157820646490755
56	9.141516	0.661624145507813	-10.2165545654297	-0.659827880859375	0.956100699462438	-0.0801836601014582	0.281854631220014	-0.263337735802618	0.186831904624345	0.94643915616208	-0.128548393182439	-0.979114099616165	0.157514731193751
57	9.141516	0.729283447265625	-9.42320434570312	0.281414794921875	0.958365630250105	-0.0739209557301027	0.275809737063918	-0.257775269653622	0.191525357530992	0.947032178850132	-0.122830082269459	-0.978700020295583	0.164496325682685
58	9.141516	-0.0065863037109375	-9.49265991210938	-0.7616162109375	0.960638047974801	-0.0721256741719736	0.268276774821085	-0.25056350335553	0.192085191796903	0.948852575418622	-0.119968627438044	-0.9787242544341	0.166452282090233
59	9.141516	0.003592529296875	-10.7284899902344	-1.86152893066406	0.960834791896034	-0.0807846462621474	0.265085540176006	-0.246351596875981	0.189088341871113	0.950555884567071	-0.126914906133043	-0.978631411664644	0.161781231001956
60	9.141516	0.569415893554688	-7.64370483398438	1.14721435546875	0.961145663787067	-0.0791326675096335	0.26445610962148	-0.24560322236055	0.192175026756029	0.950130420656782	-0.126008214610924	-0.978165006542419	0.165272955520368
61	9.141516	-0.161065063476563	-9.82916015625	-0.972976684570312	0.9613886093676	-0.0803802607759641	0.263193760290438	-0.244415479308719	0.190101937004643	0.950853472950156	-0.126463493754213	-0.978468327144354	0.163115656890464
62	9.141516	0.365240478515625	-9.69324279785156	-0.282013549804688	0.959561674655893	-0.0831553543941982	0.268936013890207	-0.249420780217578	0.191751099449694	0.949221149287925	-0.130501597412571	-0.977914466042613	0.163256332732787
63	9.141516	0.583786010742188	-8.73822875976563	-0.152083740234375	0.95801780036343	-0.0814942520232924	0.274882849726897	-0.256375330174083	0.185702398636841	0.948570666433795	-0.128349461490673	-0.979220764704103	0.157013087694517
64	9.141516	-1.00171691894531	-10.3009790039063	0.272433471679688	0.957136055117438	-0.0805876045785187	0.27820174331324	-0.25990387138789	0.184947235613304	0.94775761546747	-0.127830159320158	-0.979438695390015	0.156074637083959
65	9.141516	-0.199984130859375	-9.28070068359375	0.4837939453125	0.954641085133302	-0.0796897746433831	0.286897086762482	-0.267742098590044	0.191859008852726	0.944195048369058	-0.130286481332913	-0.978181813641685	0.161820184904579
66	9.141516	0.565224609375	-9.61061462402344	-0.207169189453125	0.95300575093792	-0.0802836943539001	0.29212080908443	-0.272244582403909	0.196053150688233	0.942043549660492	-0.132901941411604	-0.977301228141102	0.164982979252164
67	9.141516	1.14242431640625	-9.80341369628906	0.0592767333984375	0.955442764122	-0.0770916559551971	0.284931572608227	-0.265705692994857	0.195823759220431	0.943956323160611	-0.128567527770563	-0.977604179566998	0.166614701920633
68	9.141516	0.17483642578125	-9.97585510253906	-0.532293090820313	0.956926656674195	-0.0753827325006939	0.280372640225607	-0.261436013185663	0.196248726923362	0.945059600337749	-0.12626394875789	-0.977652228975974	0.168087877083317
69	9.141516	0.337098999023438	-9.05916137695313	-0.17004638671875	0.958948870899302	-0.0736837140471155	0.273838955017684	-0.254519990399299	0.202177341178716	0.945697571743232	-0.125046541288013	-0.976573106837439	0.175123754852896
70	9.141516	0.479602661132813	-8.6172802734375	1.18194213867188	0.960762661190944	-0.0708288991756802	0.268176016643655	-0.2486936931822	0.208172846982946	0.945946886854866	-0.122827341551847	-0.975524132361971	0.182389997935
71	9.141516	1.13284423828125	-10.3854034423828	0.523311767578125	0.961366314532624	-0.0692374892616189	0.266422557908873	-0.247607629625965	0.205367417684971	0.946844594167606	-0.120271655151871	-0.976232755972752	0.18028958686756
72	9.141516	0.513132934570313	-9.74234069824219	0.4646337890625	0.961270902581478	-0.0673418234492553	0.267251437161189	-0.249082778953214	0.202776837370409	0.947016010136576	-0.117966186168478	-0.976906665470445	0.178149784957154
73	9.141516	0.322728881835938	-9.54295532226562	0.325123901367187	0.961367204764513	-0.0686379268345614	0.26657444101624	-0.248514090940315	0.200052415865733	0.947744573980982	-0.118380083660115	-0.977378056795904	0.175266339855909
74	9.141516	0.711919555664063	-10.0219592285156	-0.01916015625	0.961633137491271	-0.0688881975781481	0.265548724555642	-0.247567921718286	0.199149682466101	0.948182223050897	-0.118202508496152	-0.977544791919064	0.174454426074926
75	9.141516	2.78181518554688	-8.92444152832031	8.89270751953125	0.963791241639818	-0.0675494741486502	0.257960289735879	-0.240090956978373	0.201108951085797	0.949690224320741	-0.116029198547551	-0.97723705329639	0.177609027780127
76	9.141516	0.343685302734375	-10.3554656982422	-0.938248901367188	0.965281162070377	-0.0678901240514294	0.252236415309813	-0.23503836978126	0.195577404924701	0.952106319385334	-0.113970359667022	-0.978335530244712	0.172830400619129
77	9.141516	0.169447631835938	-9.67647766113281	-0.676593017578125	0.966971123159474	-0.0675967508985679	0.245759081711467	-0.228898832478429	0.193854878755334	0.953952624857633	-0.112125694939735	-0.978698607974238	0.171979252479972
78	9.141516	0.391585693359375	-9.69743408203125	-0.5125341796875	0.96870952115763	-0.0673348160599556	0.238888857347363	-0.222292564883722	0.192743420258937	0.955738452477613	-0.110398728325887	-0.978936155473409	0.171744357377377
79	9.141516	0.411943359375	-9.45014831542969	-0.510737915039063	0.969731399603776	-0.0675793057618348	0.234635994798859	-0.217976263900239	0.193438538711885	0.956591804333021	-0.110033453997387	-0.978782186788133	0.172852740295449
80	9.141516	0.487386474609375	-9.37590270996094	0.104183349609375	0.971430229463814	-0.0658041737284726	0.228019999131206	-0.211253392682967	0.198052943884842	0.957155700760584	-0.108144872110602	-0.977979980438486	0.178493261771197
81	9.141516	0.0544866943359375	-8.84480712890625	-0.267044677734375	0.971707163376193	-0.0632384063526696	0.227565578691874	-0.211230203765324	0.198400876551432	0.957088759311739	-0.10567397816233	-0.978078726967108	0.179429691505473
82	9.141516	0.626896362304687	-10.6512506103516	-0.31374755859375	0.971459239202939	-0.0630836040766284	0.228664394832145	-0.212298773605867	0.198786282523001	0.956772305517949	-0.105811990306831	-0.9780104665991	0.179720199003669
83	9.141516	0.429906005859375	-9.21843017578125	-0.13172607421875	0.971033783909226	-0.0638789029107057	0.230245252437171	-0.213969684765588	0.196421929069046	0.956888394632368	-0.106350197499801	-0.978436462701447	0.17706418030769
84	9.141516	-0.10777587890625	-10.1878143310547	-0.299976196289063	0.972188263482258	-0.0636282537988136	0.225391716054218	-0.209386889745895	0.194977889474749	0.958196615010987	-0.104914778510427	-0.978741573621192	0.176232293622996
85	9.141516	0.478405151367188	-9.42619812011719	0.04071533203125	0.973513559603768	-0.063186518301907	0.219724402769662	-0.20396977373884	0.194128113996667	0.959536662539282	-0.103284464797608	-0.978939088636765	0.176098211434676
86	9.141516	0.787362670898438	-9.57708435058594	0.140707397460937	0.974237638389348	-0.0628165934268527	0.216598937060626	-0.201313691939944	0.190684306162041	0.960787329652619	-0.101655405085301	-0.979639510725117	0.173125987775368
87	9.141516	0.652044067382813	-9.48188232421875	-0.0257464599609375	0.974245673734316	-0.0625436994358699	0.21664176160391	-0.201314852161359	0.191539863794989	0.960616890792915	-0.101576067600691	-0.979490054180374	0.174015908044371
88	9.141516	-0.058677978515625	-9.56870178222656	-0.138312377929688	0.974971753324575	-0.0628840412669229	0.213250269807907	-0.197869236245319	0.191944967824101	0.961251733249256	-0.101379709838307	-0.979388955768312	0.174698104603788
89	9.141516	0.373623046875	-9.82257385253906	0.01916015625	0.97615109494187	-0.062370708384399	0.207939737855509	-0.192526168190299	0.193881733935259	0.961947788504251	-0.100313081927285	-0.979040227969151	0.177249873377568
90	9.141516	0.441881103515625	-9.9249609375	0.468825073242188	0.977159826346579	-0.0619610913359464	0.203271977741109	-0.187577251610676	0.198038641531461	0.962078723981857	-0.0998671540222731	-0.978233877771994	0.1818929133492
91	9.141516	0.508342895507813	-9.47649353027344	0.261655883789063	0.978024501246512	-0.0609286511576745	0.199388501247231	-0.18363793039138	0.201072713013336	0.962209371500313	-0.0987177060262314	-0.977679632369194	0.185465228459017
92	9.141516	0.801134033203125	-9.09568542480469	0.5987548828125	0.978461906317289	-0.0614240009562673	0.197077116866623	-0.181494746612259	0.198856709665854	0.963076147546508	-0.0983460972183844	-0.978101784645849	0.183425581734166
93	9.141516	0.854423217773438	-9.29866333007813	1.09272766113281	0.978666565247009	-0.0613460217812041	0.196082685822189	-0.180725047582354	0.196911320394459	0.963620459038136	-0.0977251822407063	-0.978500177573889	0.181623762883302
94	9.141516	1.044228515625	-9.41661804199219	0.47660888671875	0.97923514003166	-0.0613333665830205	0.193227220315277	-0.178420864698392	0.191799402783959	0.9650797812264	-0.0962524574618945	-0.979515802442875	0.176873562742533
95	9.141516	1.12685668945313	-9.6423486328125	0.708327026367188	0.979514609265596	-0.0593212336618719	0.192437318293776	-0.178159619848834	0.190145531658276	0.965455243212087	-0.0938630922705265	-0.979962074790257	0.175681677707692
96	9.141516	1.24481140136719	-9.57888061523438	0.341290283203125	0.980115342476402	-0.0553268053887482	0.190559334717146	-0.17697001060977	0.190651764474526	0.965574191891813	-0.0897526088041118	-0.980097367259103	0.177069534095029
97	9.141516	1.23942260742188	-9.16753601074219	0.449066162109375	0.980827332849011	-0.0509463384912694	0.188101604806099	-0.175448506583223	0.189293730195997	0.966118887739083	-0.0848266743071637	-0.980597957525314	0.176726005509003
98	9.141516	2.27646606445313	-10.09740234375	0.55803955078125	0.981542828649274	-0.0416634569719642	0.186648953600943	-0.175679160867303	0.189217085872275	0.966091986743998	-0.0755679030021477	-0.981050992949474	0.17840527253618
99	9.141516	2.40340209960938	-9.91478210449219	0.152083740234375	0.982419992213018	-0.0290511864819701	0.184409835594971	-0.175793189699468	0.18849993930619	0.966211429934903	-0.0628308312491663	-0.98164341868397	0.180079108169122
100	9.141516	2.12857360839844	-10.0465081787109	0.202379150390625	0.983920708171445	-0.0153713217408134	0.177943144007698	-0.171898930427546	0.188957466230337	0.966822545079332	-0.0484850260314409	-0.981864959362413	0.183276850221131
101	9.141516	3.77874206542969	-10.4614453125	0.0281414794921875	0.985818061230873	0.00438829664876211	0.167760224736156	-0.165557253060487	0.188950381499466	0.967930033261843	-0.0274507943431336	-0.981976830777452	0.186997213097421
102	9.141516	4.76189758300781	-9.83095642089844	1.0873388671875	0.987137150109519	0.0276978713910589	0.157458168394221	-0.159848198208364	0.189263127453276	0.968828169551311	-0.0029665473530877	-0.981535682747708	0.19125611909111
103	9.141516	6.13903381347656	-9.44176574707031	1.42324035644531	0.986284346322492	0.0511144744626887	0.156941067600607	-0.163866997203817	0.189353634067937	0.968138837405395	0.0197685463962186	-0.98057764188547	0.195132500644335
104	9.141516	5.76780578613281	-9.93274475097656	1.36695739746094	0.983788210991208	0.0753710556305865	0.16272664160441	-0.174360931107431	0.189791806851306	0.966218058077713	0.0419406916737066	-0.978927103529802	0.199856709561335
105	9.141516	6.16537902832031	-8.83343078613281	1.16338073730469	0.97960470088815	0.10025161276283	0.17413857739252	-0.190548634877697	0.188470536076528	0.963415836893536	0.0637640003770566	-0.976948550932688	0.203729431075721
106	9.141516	5.72349792480469	-8.56219482421875	1.21846618652344	0.975561433600207	0.12483570567518	0.180820175479646	-0.202343226075592	0.189599648727832	0.960785715996863	0.0856569211052555	-0.973893228126607	0.210225764538758
107	9.141516	7.08865905761719	-6.92819274902344	2.35370544433594	0.971042739669484	0.149052051535041	0.186706945956431	-0.213528466081625	0.190959064893203	0.958091973511908	0.1071521904023	-0.970215502591207	0.217256269469216
108	9.141516	6.95274169921875	-6.57313110351563	2.57823852539063	0.965908475373751	0.171197264173065	0.194196585811426	-0.226190762779315	0.193190453393192	0.954733045176004	0.125930758889432	-0.966110213928717	0.225327536062819
109	9.141516	6.23902587890625	-5.38400390625	3.10095153808594	0.96126892499879	0.19067016524505	0.199014928879965	-0.235939677401645	0.196056294758429	0.95178484854152	0.142458844791328	-0.961876716305692	0.233449480979716
110	9.141516	6.99525329589844	-4.28648620605469	3.27219543457031	0.956895427187323	0.209369400633208	0.201284861592919	-0.243340125917544	0.199630321067309	0.949175072380747	0.158545654454556	-0.95724196992665	0.241973317670611
111	9.141516	6.91921142578125	-3.53145629882813	3.36440368652344	0.953616873861812	0.225131991514429	0.199826035047417	-0.246529454423292	0.203167209662786	0.947600291800077	0.172737042894044	-0.95291063133674	0.249245346391134
112	9.141516	7.37845642089844	-2.59919494628906	3.9613623046875	0.950832315842987	0.23948319864991	0.196381528441631	-0.247624680969618	0.207022605657228	0.946479613156875	0.186010549494802	-0.94857231580481	0.256145734232179
113	9.141516	7.47784973144531	-2.193837890625	4.09967468261719	0.947501758052845	0.250374704031431	0.198879174545608	-0.253857575125303	0.210854808692085	0.943979121168962	0.194413862772875	-0.94490886186584	0.263344817167781
114	9.141516	7.1611083984375	-1.52023864746094	4.03261413574219	0.944675726984412	0.2588214075287	0.201492555324845	-0.259636700005202	0.214656564680881	0.941547313335773	0.200440901157627	-0.941771754855849	0.269980382433341
115	9.141516	7.24194030761719	-1.22385498046875	3.9901025390625	0.942709286975269	0.266015979133335	0.20133231011518	-0.262073050027669	0.217061676029549	0.940320129130733	0.206438651176994	-0.939212291042327	0.274341676847042
116	9.141516	6.54019958496094	-0.817899169921875	3.73742797851563	0.941403646435808	0.270453970115559	0.201528718861848	-0.264009398932332	0.219037238678708	0.939319820586895	0.209900480592004	-0.93748458020425	0.277604845286437
117	9.141516	6.93717407226563	-1.00830322265625	4.26373352050781	0.941098707569836	0.272434701285841	0.200281192690877	-0.263605171396951	0.220164452759861	0.93916980751818	0.211767646781017	-0.936646650170835	0.279011678072056
118	9.141516	6.89466247558594	-0.75443115234375	3.85478393554688	0.941170833449739	0.272914223361004	0.199286951280772	-0.262770823295264	0.22023229660127	0.939387688847613	0.212482838573505	-0.936491090305183	0.278990109306326
119	9.141516	7.60298950195313	-1.03764221191406	4.35713928222656	0.942059818423532	0.272054029291952	0.196239403937732	-0.259391799292695	0.219871565042332	0.94041075565177	0.21269507039779	-0.936826077792377	0.277700750803144
120	9.141516	7.84728149414063	-1.49329467773438	4.37629943847656	0.943236562354046	0.269654650897022	0.193884390006334	-0.256060587061742	0.218661905747247	0.941604984443359	0.211513033149542	-0.937802399348918	0.275297832507438
121	9.141516	7.673642578125	-1.86212768554688	4.31163391113281	0.944635741302334	0.266316713570912	0.191673483630315	-0.252564229457451	0.217248682167596	0.942875559177884	0.209462708501432	-0.939083818500368	0.27248294548102
122	9.141516	7.87183044433594	-1.91481811523438	3.745810546875	0.946564359281641	0.262440748996897	0.187458707462959	-0.246777684835938	0.215147985105003	0.944887357716396	0.207645582675746	-0.94065732218019	0.268415935115717
123	9.141516	8.07301208496094	-2.711162109375	4.17571655273438	0.948496195510438	0.258018216772579	0.183797624891413	-0.241504835588657	0.213466097125329	0.946629621216965	0.205013125164029	-0.942262609462765	0.264784428014376
124	9.141516	8.00176025390625	-3.52127746582031	4.09967468261719	0.950442571181087	0.251932053556835	0.182178921056529	-0.23795486687104	0.212346757286456	0.947779687481386	0.200090979854341	-0.944160523989731	0.26177185624197
125	9.141516	8.37059326171875	-3.60989318847656	3.82664245605469	0.952768416072871	0.245769727288161	0.17840848209291	-0.2322942446565	0.21133649038869	0.949408379850135	0.195631616139773	-0.946009581864208	0.258445626365869
126	9.141516	6.95334045410156	-3.91226440429688	3.51648742675781	0.954964364550529	0.238762520280044	0.176169013586742	-0.22790438478617	0.210022989396376	0.950762817594508	0.190006983644922	-0.948094300602283	0.254979495904332
127	9.141516	7.56706420898438	-4.81099548339844	3.53624633789063	0.95742163823537	0.230885585093686	0.173307972218956	-0.222713044443334	0.208732158792439	0.952276107922817	0.183691879171295	-0.95032769741905	0.251265916997758
128	9.141516	7.10722045898438	-4.8331494140625	3.55840026855469	0.960270233673211	0.22262859004571	0.168278308808518	-0.215433835801737	0.208064966121779	0.954094980735405	0.177395999709538	-0.952441851646074	0.247760324749649
129	9.141516	6.44918884277344	-5.92288330078125	2.70457580566406	0.962680753732854	0.211927557835641	0.168322537475424	-0.212263739913953	0.205399763869129	0.955382144338195	0.167898395198067	-0.955456774130744	0.242718935515107
130	9.141516	6.38332580566406	-6.12466369628906	2.91533752441406	0.965533218367082	0.200655585600233	0.165779794296932	-0.206629278662589	0.203615030510248	0.956998046262211	0.15827174551727	-0.95826836289097	0.238058394628667
131	9.141516	6.31506774902344	-6.52044067382813	3.19076477050781	0.968472407930429	0.188938810885431	0.162367856482237	-0.200163607656298	0.202149460764103	0.958681451621339	0.148309558853947	-0.960956669810862	0.233594849041168
132	9.141516	5.46303955078125	-7.36408630371094	2.33035400390625	0.970954065411873	0.177497766886792	0.160445459924418	-0.195184560652125	0.199741363806267	0.960211630250254	0.138387825126319	-0.963637862651222	0.228584512865138
133	9.141516	5.83007629394531	-8.29994018554688	2.52554809570313	0.973163950749486	0.167487902778986	0.157796474562487	-0.189959119199832	0.19769367278917	0.961682247299987	0.129874778130616	-0.965849374468828	0.224204210138208
134	9.141516	4.90799377441406	-8.39514221191406	2.29083618164063	0.974652883575207	0.158007649235437	0.158383519728622	-0.187972921877582	0.194471240971785	0.962728994616709	0.121317505659078	-0.968098403685279	0.219243115291392
135	9.141516	4.17811157226563	-9.30345336914062	1.57352783203125	0.976777309258786	0.145790122490551	0.157007414797377	-0.183588636125369	0.191714976845679	0.964126848676401	0.110459498472482	-0.970562006178508	0.214028248976524
136	9.141516	3.93322082519531	-8.64721801757813	1.90463928222656	0.97828016758643	0.133054910221672	0.15894748998638	-0.182487368432647	0.189122299715292	0.964847716540246	0.0983172114616506	-0.972897294998965	0.209295435483202
137	9.141516	2.80995666503906	-9.54295532226562	0.853824462890625	0.980799859525089	0.117895083136548	0.155346016774789	-0.175557359510784	0.186900130022953	0.966565028810273	0.0849190736947115	-0.975278980994479	0.204008970766489
138	9.141516	3.79131591796875	-8.76337646484375	3.14945068359375	0.984265165752708	0.103419034142475	0.143271025901375	-0.160566976146062	0.185026890614168	0.969527356973986	0.0737585903953226	-0.977276600112113	0.198721204747266
139	9.141516	2.59081237792969	-11.1769573974609	0.85981201171875	0.987420917857785	0.0868663329429989	0.132114235334147	-0.146153294933257	0.182651084434513	0.972253976970549	0.06032532931566	-0.979332845132814	0.193049302218435
140	9.141516	2.31718139648438	-10.7973468017578	1.50766479492188	0.989120233467069	0.0697866066692504	0.129502869758325	-0.140267612573366	0.182058649398794	0.973231547496306	0.0443414096417619	-0.980808073839463	0.189866694505127
141	9.141516	0.865799560546875	-9.58307189941406	0.358055419921875	0.989772571130459	0.0565634782844988	0.130961178836172	-0.139193718219216	0.181949932760519	0.973406046198991	0.0312308540726968	-0.981679578524888	0.187962333623224
142	9.141516	0.772992553710938	-9.90999206542969	0.899928588867188	0.989839618020424	0.0457268874030164	0.134634996808457	-0.140726017382458	0.179601321491508	0.973621873906999	0.0203400744554552	-0.982676150665587	0.184211466212641
143	9.141516	0.55564453125	-11.1841424560547	0.304766235351562	0.989551053283586	0.0287164814798743	0.141294290885234	-0.144159588633793	0.179427234643943	0.973151519791735	0.00259344371069649	-0.983352038264753	0.181692165186823
144	9.141516	-1.43102416992188	-9.96747253417969	0.725092163085937	0.988602017005053	0.0142751707684317	0.149874185479268	-0.150016862050969	0.177302896895337	0.972655449711203	-0.0126883046118302	-0.984052794443496	0.177423517815491
145	9.141516	-2.91294250488281	-10.0716558837891	0.85023193359375	0.987584751662692	0.00210569623884292	0.157072990442945	-0.154892110885514	0.179624422783795	0.971464616301087	-0.0261685358545244	-0.983733008891609	0.177720496702807
146	9.141516	-3.25962158203125	-9.41182800292969	-0.842448120117188	0.987027346363559	-0.00841852717915817	0.160331362903975	-0.156208755635544	0.180357503258595	0.97111791028748	-0.0370923468293311	-0.983565096685756	0.176702740183148
147	9.141516	-2.94228149414063	-9.86748046875	0.0904119873046875	0.98748975707875	-0.0184825204093287	0.156596219953966	-0.150821333902383	0.179065496810922	0.972208040026292	-0.0460098348666688	-0.983663532053098	0.17403778556499
148	9.141516	-3.86675903320313	-10.0099841308594	-0.0137713623046875	0.988474228280411	-0.0290389014971863	0.148578067780153	-0.140871626107135	0.182992507201694	0.972969129657241	-0.0554426278541932	-0.982685343590651	0.176792620063019
149	9.141516	-4.58765991210938	-9.78006225585938	0.259260864257813	0.989977331485957	-0.0410913804264066	0.135116178152717	-0.124831040489404	0.192823151708204	0.973260727398187	-0.0660461541217741	-0.980372750855493	0.185761069403026
150	9.141516	-3.44164306640625	-8.90887390136719	1.62502075195313	0.990687907678714	-0.0520302539724285	0.125818608523293	-0.112815189091206	0.203660001345889	0.972520095916844	-0.0762246855650357	-0.977658149111108	0.19589369767084
151	9.141516	-3.17998718261719	-8.29395263671875	2.60158996582031	0.990015765134179	-0.06211852699596	0.126530918710164	-0.110719491428908	0.212840715119122	0.970793502350168	-0.0872351936061921	-0.975110310986113	0.203837931713057
152	9.141516	-4.22601196289063	-7.44012817382813	2.21359680175781	0.98723702969768	-0.069870956863619	0.143112181803869	-0.125218934389675	0.214692279952295	0.968621413865706	-0.0984035856258084	-0.974179282430009	0.203203001995877
153	9.141516	-4.9002099609375	-7.40120910644531	0.680185546875	0.984118937404977	-0.0726335658306246	0.161970003876114	-0.143127133559819	0.215035759744337	0.966061201824256	-0.104997812738408	-0.973901425784923	0.201224929306103
154	9.141516	-5.42831176757813	-7.577841796875	0.343086547851563	0.982882982940249	-0.0726771222211973	0.169289922181221	-0.150075251096729	0.217126669745142	0.964537935124191	-0.106857198422625	-0.973434150413386	0.202503071468654
155	9.141516	-5.81810119628906	-7.21499633789062	0.244890747070313	0.983364252800179	-0.0755673120745857	0.165179682953344	-0.14442749238076	0.226215530619503	0.963310559036463	-0.110160999266304	-0.971141655502615	0.211538268850556
156	9.141516	-4.16793273925781	-4.23978332519531	0.410745849609375	0.983348175991693	-0.0782045971996836	0.164043914092069	-0.142518479543918	0.228230022679411	0.963119691282577	-0.11276013374549	-0.970461280899239	0.213283976222098
157	9.141516	-4.73854614257813	-5.52411254882812	0.986149291992188	0.98239259971077	-0.078410287497603	0.169577730991009	-0.1479924490579	0.227397687226202	0.962490793133119	-0.114030763635786	-0.970640056178766	0.21178967464426
158	9.141516	-4.68825073242188	-4.72477478027344	0.177830200195313	0.981669375211616	-0.0765075680926377	0.174561822275624	-0.153536629642842	0.225208743739141	0.962136957559242	-0.112923607494415	-0.971302019851698	0.209333812611482
159	9.141516	-5.87378540039063	-6.14442260742188	-0.305963745117187	0.981542995551825	-0.0730834889281736	0.176726204987364	-0.156675782344245	0.222602333707975	0.962237444841232	-0.109663335303869	-0.972166140468721	0.207043348640285
160	9.141516	-5.66422119140625	-6.36296813964844	-0.278421020507813	0.983393639217799	-0.0679143257098251	0.168299122723065	-0.149558080052115	0.222057814366712	0.963495048129363	-0.10280725187018	-0.97266539541718	0.208213106025636
161	9.141516	-4.79902038574219	-6.92460021972656	1.75554931640625	0.985144499666245	-0.0596076417661518	0.161050438746444	-0.144066674807928	0.223536451719351	0.963989755112838	-0.0934617996142311	-0.972871206170581	0.211628231143836
162	9.141516	-3.82843872070313	-6.26656860351563	0.285606079101562	0.985885098931417	-0.0473939380219179	0.160575173497543	-0.146636202586348	0.218427871963738	0.964773076345131	-0.0807984888227925	-0.97470153349021	0.208395117063201
163	9.141516	-3.78532836914062	-7.44671447753906	1.47772705078125	0.986617938382032	-0.0341178706034264	0.1594396894386	-0.148481415091872	0.216019808516161	0.965033010679405	-0.0673670025687974	-0.975792710176772	0.208063148420777
164	9.141516	-4.061953125	-8.53824462890625	0.683179321289063	0.987426443901456	-0.0210998996625934	0.156664648591676	-0.14851438182093	0.21567671054268	0.965104675629455	-0.0541525278862589	-0.976236831288247	0.209831248768649
165	9.141516	-2.60817626953125	-9.25375671386719	1.87470153808594	0.987887958874251	-0.00430637184534786	0.155109109573861	-0.150610245911199	0.213907722755496	0.965173580229032	-0.037335432739349	-0.976844379267797	0.210668279897753
166	9.141516	-2.8117529296875	-8.55321350097656	1.92858947753906	0.987987261433358	0.0109605188775557	0.154146158795306	-0.153011284709221	0.20912646914341	0.965843500084379	-0.0216498960054424	-0.977827176411837	0.20829137061676
167	9.141516	-1.82859741210938	-9.43098815917969	0.722098388671875	0.988901440811188	0.0290608111914533	0.145703155815008	-0.148565317188737	0.203400500425728	0.967758535459736	-0.00151224672846759	-0.978664245632515	0.205460476565139
168	9.141516	-1.02327209472656	-10.5273083496094	2.29802124023437	0.989985991211816	0.0468249279392083	0.133173433265969	-0.139901424665119	0.199467349392043	0.96986615978865	0.0188501612997792	-0.978785064582618	0.204020755730812
169	9.141516	1.46934448242188	-10.5758074951172	2.43274108886719	0.9897130894167	0.066428946435887	0.126709098776172	-0.137486383096177	0.196683080667552	0.970779717671446	0.0395663379703354	-0.978214169215791	0.203792894981836
170	9.141516	1.1256591796875	-10.2536773681641	2.7446923828125	0.987376497418106	0.090163152448882	0.130223877560277	-0.145900797863317	0.197732034308294	0.969337402451361	0.0616490837661176	-0.976100736885688	0.208390839342843
171	9.141516	3.46918579101562	-10.6314916992188	2.33215026855469	0.985609568691514	0.114610482964228	0.124250614881509	-0.145571265303275	0.201859936440999	0.968535788072924	0.0859231332164404	-0.972685459567862	0.215639077913832
172	9.141516	3.20752990722656	-10.0027990722656	1.55736145019531	0.984262009810132	0.133783646377576	0.11545662391755	-0.141395361234513	0.204316967068564	0.968639214975971	0.105998338976989	-0.969719811558897	0.220017815652043
